  300   1    1
  600   0    1
 1200  10    1
 2400  10    1
 4800   4    1
 9600   0    1
14400   0    1
19200   0    1
28800   0    1
38400   0    1
56000   0    1
57600   0    1
115200   0    1
256000   0    1
   12   1    1
  156   0    1
  210   0    1
  310   0    1
  411   0    1
  509   0    1
  596   0    1
  713   0    1
  840   0    1
  961   0    1
 1034   0    1
 2066  10    1
 3081  10    1
 4061  10    1
 5021  10    1
 5115  10    1
 5253  10    1
 5331   6    1
 5387  10    1
 5538   1    1
 5624   0    1
 5726   0    1
 5783   0    1
 5902   0    1
 5975   0    1
 6068   0    1
 6173  10    1
 6298  10    1
 6351   1    1
 6434   0    1
 6562   0    1
 6644   0    1
 6777   0    1
 6832   0    1
 6918   0    1
 8087   2    1
 8132   0    1
 8254   0    1
 8353   0    1
 8439   0    1
 8480   0    1
 8594   0    1
   300   1    2
  600   0    2
 1200  10    2
 2400  10    2
 4800  10    2
 9600   6    2
14400  10    2
19200   0    2
28800   0    2
38400   0    2
56000   0    2
57600   0    2
115200   0    2
256000   0    2
   65   1    2
  138   0    2
  259   0    2
  326   0    2
  491   0    2
  586   0    2
  662   0    2
  753   0    2
  814   0    2
  945   0    2
 1088   0    2
 2018  10    2
 3058  10    2
 4056  10    2
 5027  10    2
 6080  10    2
 7057  10    2
 8084  10    2
 9028  10    2
10001  10    2
11069  10    2
11151  10    2
11187  10    2
11324  10    2
11440  10    2
11506   5    2
11571   0    2
11756   0    2
11802   0    2
11940   0    2
12044   0    2
13061  10    2
13146  10    2
13261  10    2
13349   0    2
13419   0    2
13522   0    2
13622   0    2
13743   0    2
13801   0    2
13984   0    2
14066   0    2
14067   1    2
14161   0    2
14306  10    2
14351  10    2
14509  10    2
14608   1    2
14680   0    2
14783   0    2
14882   0    2
14948   0    2
16069   3    2
16034   0    2
16203   0    2
16275   0    2
16391   0    2
16463   0    2
16600   0    2
16669   0    2
16747   0    2
16839   0    2
16964   0    2
18021   0    2
19063   0    2
20070   0    2
21042   0    2
22053   1    2
22167   0    2
22193   0    2
22285   0    2
22457   0    2
22488   0    2
  300   1    3
  600   0    3
 1200  10    3
 2400  10    3
 4800  10    3
 9600  10    3
14400   8    3
19200   7    3
28800   0    3
38400   0    3
56000   0    3
57600   0    3
115200   0    3
256000   0    3
   43  10    3
 1092  10    3
 2033  10    3
 3057  10    3
 4049  10    3
 5051  10    3
 6082  10    3
 7075  10    3
 8067  10    3
 9016  10    3
10070  10    3
11026  10    3
12047  10    3
13012  10    3
14074  10    3
15029  10    3
15100   0    3
15259   0    3
15297   0    3
15381   0    3
15545   0    3
15656   0    3
15740   0    3
15829   0    3
15956   0    3
16057   0    3
17073  10    3
17104   0    3
17211   0    3
17328   0    3
17391   0    3
17501   0    3
17664   0    3
17684   0    3
17801   0    3
17879   0    3
17985   0    3
19011  10    3
19107  10    3
19204  10    3
19299  10    3
19348  10    3
19527  10    3
19581  10    3
19652  10    3
19746  10    3
19900  10    3
19960  10    3
20134   4    3
20229   3    3
20390   0    3
20420   5    3
20495   6    3
20670   4    3
20756   7    3
20875   6    3
20936   5    3
21027   7    3
22065   0    3
23032   0    3
24084   1    3
24078   3    3
24151   0    3
24316   0    3
24410   0    3
24522   0    3
24546   0    3
24649   0    3
24805   0    3
24854   0    3
25007   0    3
26015   1    3
26109   0    3
26171   0    3
26228   0    3
26409   0    3
26447   0    3
26545   0    3
26721   0    3
26744   0    3
26851   0    3
26995   0    3
28029   0    3
29034   0    3
  300   1    4
  600   0    4
 1200  10    4
 2400  10    4
 4800  10    4
 9600  10    4
14400  10    4
19200   9    4
28800  10    4
38400   0    4
56000   0    4
57600   0    4
115200   0    4
256000   0    4
    9  10    4
 1004  10    4
 2069  10    4
 3005  10    4
 4001  10    4
 5035  10    4
 6016  10    4
 7098  10    4
 8045  10    4
 9017  10    4
10046  10    4
11006  10    4
12057  10    4
13092  10    4
14068  10    4
15064  10    4
15025  10    4
15200  10    4
15238  10    4
15329  10    4
15523  10    4
15617  10    4
15716  10    4
15755  10    4
15846  10    4
15951   2    4
17093  10    4
18080  10    4
18118  10    4
18205  10    4
18259  10    4
18408  10    4
18472  10    4
18556  10    4
18686  10    4
18824  10    4
18859  10    4
19016   5    4
19068   0    4
19209   0    4
19282   0    4
19400   0    4
19544   0    4
19570   0    4
19684   0    4
19841   0    4
19901   0    4
20034   0    4
21075  10    4
22013  10    4
23081  10    4
24015  10    4
24072   9    4
24173   6    4
24218   5    4
24406  10    4
24477  10    4
24522   6    4
24695  10    4
24725  10    4
24886   4    4
24976   0    4
25102   2    4
25114   5    4
25281   4    4
25380   0    4
25420   0    4
25545   0    4
25620   0    4
25724   0    4
25816   0    4
25948   0    4
27062   2    4
27132   8    4
27208   0    4
27346   0    4
27371   0    4
27468   0    4
27636   0    4
27696   0    4
27837   0    4
27946   0    4
28015   0    4
29013   0    4
30058  10    4
31094  10    4
31036  10    4
31158  10    4
31261   3    4
31344   0    4
31460   0    4
31533   0    4
31632   0    4
31784   0    4
31838   0    4
31945   0    4
32134   0    4
32207   7    4
32297   0    4
32461   0    4
32510   0    4
32621   0    4
32773   0    4
32794   0    4
32958   0    4
33026   0    4
34033   0    4
35051   1    4
35051   1    4
35159   0    4
35294   0    4
35329   0    4
35419   0    4
35544   0    4
35687   0    4
35716   0    4
35839   0    4
35915   0    4
37068   0    4
38096   0    4
  300   1    5
  600   0    5
 1200  10    5
 2400  10    5
 4800  10    5
 9600  10    5
14400  10    5
19200  10    5
28800   7    5
38400   1    5
56000   0    5
57600   0    5
115200   0    5
256000   0    5
   34   1    5
   73   0    5
  266   0    5
  335   0    5
  443   0    5
  545   0    5
  592   0    5
  767   0    5
  777   0    5
  963   0    5
 1029   0    5
 2053  10    5
 3077  10    5
 4048  10    5
 5097  10    5
 6038  10    5
 7071  10    5
 8083  10    5
 9012  10    5
10050  10    5
11009  10    5
12049  10    5
13018  10    5
14095  10    5
15077  10    5
16007  10    5
17043  10    5
18099  10    5
19013  10    5
20077  10    5
21051  10    5
22018  10    5
23038  10    5
23096  10    5
23240  10    5
23301  10    5
23426  10    5
23523  10    5
23660  10    5
23670  10    5
23821  10    5
23964  10    5
23987  10    5
25061  10    5
26080  10    5
27052  10    5
27095   0    5
27197   0    5
27272   0    5
27401   2    5
27495  10    5
27589  10    5
27653  10    5
27761  10    5
27873   6    5
27957   2    5
28037  10    5
28219   4    5
28251  10    5
28368  10    5
28477   4    5
28528   0    5
28646   0    5
28794   0    5
28916   0    5
28995   0    5
30079  10    5
30112  10    5
30262   2    5
30289   2    5
30430   4    5
30535   3    5
30582   6    5
30708   3    5
30815   1    5
30931  10    5
31015   3    5
32004  10    5
32092  10    5
32291   0    5
32375   5    5
32484   4    5
32568   8    5
32600   7    5
32785   8    5
32821   3    5
32969  10    5
33016  10    5
33112   0    5
33228   0    5
33266   4    5
33418   3    5
33484   3    5
33601   4    5
33744   7    5
33809   0    5
33914   0    5
34016   0    5
35055  10    5
35045   7    5
35172   0    5
35241   0    5
35397   0    5
35452   0    5
35560   0    5
35656   0    5
35782   0    5
35833   0    5
35997   0    5
37002   5    5
37172   3    5
37207   7    5
37397   0    5
37403   0    5
37597   0    5
37623   0    5
37703   0    5
37820   0    5
37952   0    5
38050   0    5
39020   9    5
39128   3    5
39241   0    5
39308   0    5
39423   0    5
39481   0    5
39599   0    5
39705   0    5
39818   0    5
39936   0    5
40044   0    5
41088   0    5
42067   0    5
43083   2    5
43112   0    5
43176   0    5
43322   0    5
43375   0    5
43520   0    5
43584   0    5
43666   0    5
43820   0    5
43845   0    5
43947   0    5
45087   2    5
45094   1    5
45251   3    5
45379   0    5
45401   0    5
45565   0    5
45603   0    5
45754   0    5
45833   0    5
45987   0    5
45994   0    5
47059   0    5
48055   0    5
49023   0    5
50033   0    5
51044   0    5
52002   1    5
52033   0    5
52193   0    5
52247   0    5
52402   0    5
52474   0    5
52543   0    5
52706   0    5
52810   0    5
52846   0    5
52941   0    5
54023   4    5
54177   1    5
54241   3    5
54359   0    5
54432   0    5
54579   0    5
54660   0    5
54729   0    5
54841   0    5
54973   0    5
55090   0    5
  300   1    6
  600  10    6
 1200  10    6
 2400  10    6
 4800  10    6
 9600  10    6
14400  10    6
19200  10    6
28800  7    6
38400  10    6
56000   0    6
57600   0    6
115200   0    6
256000   0    6
    6   1    6
   66   0    6
  175   0    6
  268   0    6
  379   0    6
  499   0    6
  558   0    6
  628   0    6
  730   0    6
  864  10    6
  996  10    6
 2038  10    6
 3010  10    6
 4089  10    6
 5060  10    6
 6088  10    6
 7009  10    6
 8061  10    6
 9078  10    6
10052  10    6
11030  10    6
12030  10    6
13013  10    6
14088  10    6
15096  10    6
16063  10    6
17087  10    6
18083  10    6
19080  10    6
20023  10    6
21075  10    6
22005  10    6
23004  10    6
24045  10    6
25021  10    6
26015  10    6
27085  10    6
28008  10    6
29069  10    6
30037  10    6
30075   7    6
30164   7    6
30254   8    6
30400  10    6
30439  10    6
30564  10    6
30683  10    6
30750  10    6
30877  10    6
30958  10    6
32044  10    6
33022  10    6
34097  10    6
35052  10    6
36085  10    6
37086  10    6
37106  10    6
37224  10    6
37383  10    6
37439   3    6
37552   3    6
37623   8    6
37792   7    6
37805   4    6
37940   4    6
38059   2    6
38092   3    6
38187   0    6
38315   0    6
38442   0    6
38539   0    6
38577   0    6
38762   0    6
38806   0    6
38936   0    6
39049   0    6
40076   3    6
40117   3    6
40226   5    6
40385   6    6
40425   2    6
40544   2    6
40640   3    6
40713   0    6
40840   0    6
40929   0    6
41026   0    6
42063   2    6
42047   0    6
42162   0    6
42276   0    6
42359   0    6
42443   0    6
42531   0    6
42619   0    6
42712   0    6
42888   0    6
42989   0    6
44022   1    6
44132   0    6
44183   0    6
44334   4    6
44390   1    6
44539   2    6
44598   5    6
44735  10    6
44843   6    6
44903   5    6
45000   0    6
45097   0    6
45187   0    6
45286   0    6
45422   0    6
45541   0    6
45654   0    6
45715   0    6
45846   0    6
45924   0    6
46018   0    6
47040   0    6
48073   4    6
48103   1    6
48200   0    6
48340   0    6
48432   0    6
48540   0    6
48652   0    6
48731   0    6
48830   0    6
48867   0    6
49036   0    6
50001   1    6
50140   1    6
50207   1    6
50300   0    6
50415   0    6
50512   0    6
50605   0    6
50783   0    6
50847   0    6
50887   0    6
50992   0    6
52015   0    6
53038   0    6
54073   1    6
54123   3    6
54217   1    6
54338   0    6
54421   0    6
54577   0    6
54611   0    6
54746   0    6
54842   0    6
54928   0    6
55049   0    6
  300   1    7
  600   0    7
 1200  10    7
 2400  10    7
 4800  10    7
 9600  10    7
14400  10    7
19200  10    7
28800  10    7
38400  10    7
56000   0    7
57600   0    7
115200   0    7
256000   0    7
   98   1    7
   92   0    7
  173   0    7
  233   0    7
  398   0    7
  518  10    7
  584  10    7
  715  10    7
  824  10    7
  903  10    7
  947  10    7
 2035  10    7
 3077  10    7
 4007  10    7
 5012  10    7
 6080  10    7
 7092  10    7
 8049  10    7
 9057  10    7
10014  10    7
11084  10    7
12018  10    7
13010  10    7
14052  10    7
15017  10    7
16088  10    7
17054  10    7
18096  10    7
19004  10    7
20022  10    7
21057  10    7
22089  10    7
23047  10    7
24015  10    7
25047  10    7
26070  10    7
27052  10    7
28025  10    7
29100  10    7
30029  10    7
31024  10    7
32065  10    7
32048  10    7
32169  10    7
32342  10    7
32413   7    7
32453  10    7
32552  10    7
32704  10    7
32778  10    7
32917   6    7
32982   6    7
34053  10    7
35023  10    7
36024  10    7
36121  10    7
36240  10    7
36306   1    7
36462   4    7
36530   9    7
36672  10    7
36751  10    7
36818  10    7
36954   5    7
37032   7    7
37089   1    7
37231   2    7
37259   6    7
37430   9    7
37480  10    7
37551  10    7
37707  10    7
37836  10    7
37939   3    7
38009   3    7
39077   0    7
40073   2    7
40106   4    7
40185   2    7
40284   6    7
40366   8    7
40432   5    7
40594   3    7
40711  10    7
40798  10    7
40873  10    7
40937  10    7
42043  10    7
43010  10    7
44007  10    7
44089  10    7
44232  10    7
44330   2    7
44407   0    7
44485   0    7
44552   0    7
44726   0    7
44780   0    7
44929   0    7
44993   0    7
46094  10    7
46052   9    7
46199  10    7
46333   0    7
46391   0    7
46440   0    7
46547   0    7
46673   0    7
46808   0    7
46929   0    7
46959   0    7
47160   3    7
47230   4    7
47352   4    7
47394   4    7
47582   0    7
47619   0    7
47761   0    7
47860   0    7
47925   0    7
48041   0    7
49099   8    7
49154   1    7
49230   0    7
49305   0    7
49382   0    7
49517   0    7
49631   0    7
49747   0    7
49800   0    7
49934   0    7
49972   0    7
51007   5    7
51116   0    7
51244   0    7
51361   0    7
51441   0    7
51499   0    7
51652   9    7
51763   1    7
51799   2    7
51888   1    7
52057   5    7
53008   0    7
54091   0    7
55099   1    7
  300   1    8
  600  10    8
 1200  10    8
 2400  10    8
 4800  10    8
 9600  10    8
14400  10    8
19200  10    8
28800  10    8
38400  7    8
56000   0    8
57600  10    8
115200   0    8
256000   0    8
   67   1    8
   89   0    8
  232   0    8
  369   0    8
  443   0    8
  512   0    8
  601   0    8
  760   0    8
  824   0    8
  884   0    8
 1002   0    8
 2082  10    8
 3069  10    8
 4069  10    8
 5057  10    8
 6001  10    8
 7016  10    8
 8030  10    8
 9001  10    8
10069  10    8
11002  10    8
12095  10    8
13060  10    8
14018  10    8
15078  10    8
16036  10    8
17018  10    8
18006  10    8
19080  10    8
20053  10    8
21036  10    8
22023  10    8
23053  10    8
24046  10    8
25016  10    8
26017  10    8
27044  10    8
28042  10    8
29080  10    8
30006  10    8
31052  10    8
32098  10    8
33025  10    8
34007  10    8
35075  10    8
36024  10    8
37004  10    8
38003  10    8
39073  10    8
40064  10    8
41059  10    8
42012  10    8
43029  10    8
44038  10    8
44173  10    8
44251  10    8
44302  10    8
44475  10    8
44527  10    8
44658  10    8
44696  10    8
44809  10    8
44976   6    8
44990   3    8
45116   7    8
45232   7    8
45361  10    8
45413  10    8
45503  10    8
45678   0    8
45762   0    8
45817   0    8
45981   4    8
46048   5    8
46120   2    8
46137   7    8
46261   7    8
46403  10    8
46495  10    8
46577  10    8
46678  10    8
46781   6    8
46856   7    8
46957   6    8
48038  10    8
48091   9    8
48201   4    8
48279   9    8
48383   8    8
48522   8    8
48589   6    8
48660   6    8
48831   2    8
48881   4    8
48964   4    8
50086   0    8
51042   0    8
52063   7    8
52085   7    8
52160   6    8
52242   7    8
52366   4    8
52459  10    8
52529  10    8
52665  10    8
52796  10    8
52823  10    8
53006   4    8
53151   2    8
53181   8    8
53331   5    8
53387   2    8
53576   2    8
53642   0    8
53699   1    8
53866   6    8
53902   1    8
54038   1    8
55004   2    8
55096   0    8
55188   0    8
55276   0    8
55413   5    8
55461   3    8
55558   2    8
55685   8    8
55763   4    8
55932   0    8
56029   0    8
57081   2    8
57042   0    8
57157   0    8
57306   0    8
57401   0    8
57498   8    8
57598  10    8
57680  10    8
57780  10    8
57913  10    8
58007   0    8
58121   2    8
58163   0    8
58298   0    8
58329   0    8
58474   0    8
58573   0    8
58657   0    8
58771   0    8
58846   0    8
58977   0    8
60093   7    8
60101   0    8
60222   0    8
60389   0    8
60465   0    8
60504   0    8
60601   0    8
60755   0    8
60836   0    8
60891   0    8
61038   0    8
62006   2    8
62092   3    8
62196   0    8
62337   0    8
62418   0    8
62476   0    8
62620   0    8
62720   0    8
62777   0    8
62922   0    8
62962   0    8
64054   1    8
64122   1    8
64213   0    8
64307   0    8
64378   0    8
64553   0    8
64653   0    8
64700   0    8
64805   0    8
64904   0    8
65001   0    8
66053   0    8
67058  10    8
67125   0    8
67207   0    8
67380   0    8
67435   0    8
67542   0    8
67643   0    8
67769   0    8
67870   0    8
67974   0    8
68031   0    8
69001   2    8
69130   0    8
69227   1    8
69374   0    8
69442   0    8
69501   0    8
69653   0    8
69781   0    8
69868   0    8
69950   0    8
70019   0    8
71060   0    8
72019   1    8
72142   3    8
72169   0    8
72255   1    8
72359   1    8
72451   3    8
72644   4    8
72689   0    8
72826   0    8
72895   0    8
73015   0    8
74018   0    8
75085   0    8
76035   5    8
76092   0    8
76199   0    8
76290   0    8
76429   0    8
76505   0    8
76608   0    8
76745   0    8
76804   0    8
76948   0    8
76997   0    8
78031   1    8
78097   0    8
78202   0    8
78247   0    8
78403   0    8
78414   0    8
78573   0    8
78682   0    8
78785   0    8
78818   0    8
78998   0    8
80091   0    8
81017   0    8
82082   1    8
82076   0    8
82179   0    8
82256   0    8
82381   0    8
82481   0    8
82564   0    8
82634   0    8
82818   0    8
82920   0    8
83017   0    8
84080   0    8
85051   0    8
86029   0    8
87037   0    8
88061   0    8
89054   0    8
90005   0    8
91045   0    8
92001   0    8
93068   2    8
93124   0    8
93176   0    8
93291   0    8
93355   0    8
93525   0    8
93535   0    8
93687   0    8
93755   0    8
93856   0    8
93929   0    8
95094   0    8
96016   0    8
97099   0    8
98085   0    8
99081   0    8
100001   0    8
101066   0    8
102075   0    8
103019   0    8
104040   0    8
105093   1    8
105048   0    8
105198   0    8
105274   0    8
105395   0    8
105483   0    8
105601   0    8
105695   0    8
105807   0    8
105850   0    8
106001   0    8
107079   0    8
108042   0    8
109090   0    8
110032   0    8
111068   0    8
112076   0    8
113036   0    8
114025   1    8
114123   0    8
114247   0    8
114284   0    8
114368   0    8
114476   0    8
114616   0    8
114723   0    8
114804   0    8
114935   0    8
115001   0    8
  300   1    9
  600  10    9
 1200  10    9
 2400  10    9
 4800  10    9
 9600  10    9
14400  10    9
19200  10    9
28800  10    9
38400  10    9
56000   1    9
57600   1    9
115200   0    9
256000   0    9
    5   1    9
 1084  10    9
 2035  10    9
 3057  10    9
 4084  10    9
 5073  10    9
 6012  10    9
 7025  10    9
 8033  10    9
 9017  10    9
10008  10    9
11029  10    9
12018  10    9
13088  10    9
14080  10    9
15034  10    9
16022  10    9
17036  10    9
18097  10    9
19014  10    9
20044  10    9
21089  10    9
22085  10    9
23052  10    9
24010  10    9
25029  10    9
26043  10    9
27040  10    9
28039  10    9
29084  10    9
30078  10    9
31053  10    9
32084  10    9
33053  10    9
34040  10    9
35002  10    9
36050  10    9
37021  10    9
38044  10    9
39096  10    9
40094  10    9
41079  10    9
42028  10    9
43073  10    9
44096  10    9
45017  10    9
46043  10    9
47074  10    9
48046  10    9
48094   7    9
48248   9    9
48379  10    9
48393  10    9
48526  10    9
48609   2    9
48683   1    9
48851   0    9
48931   0    9
49063   5    9
50087  10    9
51080  10    9
51120  10    9
51178  10    9
51341  10    9
51356  10    9
51473  10    9
51596   6    9
51750   6    9
51835   5    9
51853   5    9
52002   7    9
52052   4    9
52135   7    9
52237   9    9
52355   5    9
52436  10    9
52593  10    9
52616  10    9
52777  10    9
52902   2    9
52916   3    9
54089  10    9
55064  10    9
55185  10    9
55191  10    9
55337  10    9
55391  10    9
55533  10    9
55672  10    9
55719  10    9
55844   0    9
55907   0    9
56055   0    9
57056  10    9
57130   5    9
57260   0    9
57325   0    9
57448   0    9
57538   0    9
57621   0    9
57779   0    9
57868   0    9
57907   0    9
58041   0    9
59044   4    9
59112   1    9
59132  10    9
59322  10    9
59366  10    9
59451  10    9
59608  10    9
59681  10    9
59789   2    9
59874   2    9
60014   4    9
61003  10    9
61152  10    9
61237  10    9
61267  10    9
61420  10    9
61485  10    9
61589   4    9
61691   4    9
61782   3    9
61881   1    9
61975   5    9
62086   2    9
62198   2    9
62290   1    9
62376   3    9
62492   5    9
62572   0    9
62649   5    9
62819   9    9
62854   7    9
62998   0    9
64030   1    9
64077   1    9
64219   1    9
64347   0    9
64438   0    9
64482   2    9
64613   1    9
64698   1    9
64779   2    9
64902   0    9
65028   0    9
66075   0    9
67083   6    9
67163  10    9
67300  10    9
67316  10    9
67404  10    9
67508  10    9
67618  10    9
67770   0    9
67810   0    9
67940   0    9
68046   0    9
68121   0    9
68237   0    9
68380   0    9
68399   0    9
68529   0    9
68639   3    9
68692   2    9
68808   4    9
68894   2    9
69044   8    9
70005   0    9
71027   4    9
71153   0    9
71258   0    9
71292   0    9
71374   0    9
71486   0    9
71619   0    9
71759   0    9
71867   0    9
71894   1    9
72007   0    9
73018   0    9
74078   0    9
75035   1    9
76048  10    9
76175  10    9
76196  10    9
76355  10    9
76453   0    9
76512   0    9
76639   0    9
76694   0    9
76816   0    9
76907   0    9
77061   0    9
77040   0    9
77143   0    9
77252   0    9
77317   0    9
77435   0    9
77554   0    9
77654   0    9
77740   0    9
77893   0    9
78008   0    9
79044   0    9
80071   0    9
81043   0    9
82026   1    9
82070   0    9
82182   0    9
82285   0    9
82396   0    9
82449   0    9
82610   0    9
82705   0    9
82805   0    9
82869   0    9
83020   0    9
84097   0    9
85044   0    9
86088   0    9
87021   0    9
88047   0    9
89013   4    9
89124   0    9
89205   0    9
89257   0    9
89356   0    9
89535   0    9
89645   0    9
89721   0    9
89786   0    9
89890   0    9
89993   0    9
91022   3    9
91091   0    9
91138   0    9
91297   0    9
91323   0    9
91451   0    9
91596   0    9
91636   0    9
91729   0    9
91885   0    9
92003   0    9
93001   1    9
93108   0    9
93215   0    9
93283   0    9
93374   0    9
93482   0    9
93628   0    9
93641   0    9
93763   0    9
93888   0    9
93995   0    9
95008   0    9
96018   0    9
97013   0    9
98015   0    9
99067   0    9
100067   0    9
101072   0    9
102088   0    9
103093   0    9
104017   0    9
105057   5    9
105061   0    9
105163   0    9
105263   0    9
105330   0    9
105486   0    9
105568   0    9
105704   0    9
105808   0    9
105861   0    9
105970   0    9
107091   0    9
108021   0    9
109096   0    9
110011   0    9
111036   1    9
111139   0    9
111230   0    9
111386   0    9
111495   0    9
111578   0    9
111633   0    9
111703   0    9
111863   0    9
111907   0    9
112079   0    9
113026   0    9
114064   0    9
115092   0    9
  300   1    10
  600  10    10
 1200  10    10
 2400  10    10
 4800  10    10
 9600  10    10
14400  10    10
19200  10    10
28800  10    10
38400  10    10
56000  6    10
57600  8    10
115200   0    10
256000   0    10
   51   9    10
  148   0    10
  242   0    10
  321   0    10
  383   0    10
  527   0    10
  606   0    10
  693   0    10
  834   0    10
  958   0    10
 1063   0    10
 2023  10    10
 3028  10    10
 4085  10    10
 5074  10    10
 6016  10    10
 7072  10    10
 8061  10    10
 9089  10    10
10081  10    10
11024  10    10
12027  10    10
13097  10    10
14090  10    10
15052  10    10
16062  10    10
17009  10    10
18017  10    10
19080  10    10
20018  10    10
21064  10    10
22085  10    10
23031  10    10
24088  10    10
25066  10    10
26083  10    10
27037  10    10
28023  10    10
29073  10    10
30013  10    10
31082  10    10
32026  10    10
33095  10    10
34086  10    10
35025  10    10
36087  10    10
37020  10    10
38021  10    10
39064  10    10
40098  10    10
41041  10    10
42069  10    10
43096  10    10
44066  10    10
45030  10    10
46075  10    10
47081  10    10
48035  10    10
49024  10    10
50044  10    10
51087  10    10
52013  10    10
52070  10    10
52124  10    10
52299  10    10
52319  10    10
52448  10    10
52575  10    10
52664  10    10
52754  10    10
52839  10    10
52931   8    10
54047  10    10
55053  10    10
55102  10    10
55242  10    10
55300  10    10
55363  10    10
55521  10    10
55563  10    10
55747  10    10
55768  10    10
55926  10    10
55980   8    10
56169  10    10
56262   8    10
56306   6    10
56405  10    10
56498  10    10
56603  10    10
56725  10    10
56852  10    10
56891   2    10
57047   4    10
58039  10    10
58112  10    10
58171  10    10
58271  10    10
58328  10    10
58437  10    10
58524  10    10
58641   0    10
58739   0    10
58897   0    10
58999   0    10
60100  10    10
60063  10    10
60227  10    10
60265  10    10
60429   1    10
60463   3    10
60549   1    10
60729   0    10
60754   0    10
60873   0    10
60986   6    10
62096  10    10
62101  10    10
62229   2    10
62315   0    10
62468   4    10
62540   1    10
62670   4    10
62727   2    10
62876   6    10
62953   5    10
63025   7    10
64077  10    10
65053  10    10
66033  10    10
66193  10    10
66295  10    10
66353   3    10
66397   1    10
66501   0    10
66661   3    10
66708   3    10
66838   1    10
66919   1    10
67058   4    10
67130  10    10
67215   2    10
67287   8    10
67437   8    10
67501   7    10
67615   5    10
67693   6    10
67794  10    10
67918   0    10
68003   0    10
69018   0    10
70049   3    10
70111   0    10
70188   0    10
70261   0    10
70428   0    10
70488   0    10
70626   0    10
70723   0    10
70771   0    10
70940   0    10
71000   0    10
72044   7    10
72170   7    10
72214   7    10
72377   4    10
72392   3    10
72565  10    10
72615  10    10
72680   4    10
72808   0    10
72907   0    10
73052   0    10
73014   0    10
73186   0    10
73228   0    10
73322   0    10
73474   0    10
73585   0    10
73655   1    10
73750   3    10
73888   2    10
73980   2    10
75048   0    10
76077   0    10
77045   0    10
78019   4    10
78169   3    10
78261   0    10
78313   0    10
78445   0    10
78575   0    10
78665   0    10
78772   0    10
78859   0    10
78909   0    10
79023   0    10
80098   0    10
81065   1    10
81095  10    10
81232   5    10
81341   0    10
81447   0    10
81514   0    10
81639   0    10
81739   0    10
81840   0    10
81895   0    10
82057   0    10
82087   0    10
82221   0    10
82258   0    10
82413   0    10
82438   0    10
82558   0    10
82666   0    10
82760   0    10
82925   1    10
83029   1    10
84039   0    10
85001   0    10
86009   0    10
87005   0    10
88084   3    10
88158   3    10
88198   0    10
88370   0    10
88474   0    10
88543   0    10
88626   0    10
88760   0    10
88874   0    10
88995   0    10
89044   0    10
90013   0    10
91086   1    10
91047   0    10
91178   0    10
91310   0    10
91370   0    10
91437   0    10
91599   0    10
91686   0    10
91836   0    10
91915   0    10
92019   0    10
93010   0    10
94080   0    10
95069   0    10
96062   0    10
97060   0    10
98029   0    10
99001   0    10
100065   1    10
100030   3    10
100165   0    10
100223   0    10
100341   0    10
100459   0    10
100606   0    10
100629   0    10
100810   0    10
100849   0    10
100993   0    10
102067   0    10
103013   0    10
104050   0    10
105059   0    10
106053   0    10
107087   0    10
108057   0    10
109062   0    10
110075   0    10
111006   0    10
112061   1    10
112125   0    10
112281   0    10
112378   0    10
112438   0    10
112576   0    10
112613   0    10
112736   0    10
112814   0    10
112961   0    10
113015   0    10
114012   0    10
115024   0    10
  300   1    11
  600  10    11
 1200  10    11
 2400  10    11
 4800  10    11
 9600  10    11
14400  10    11
19200  10    11
28800  10    11
38400  10    11
56000  10    11
57600  6    11
115200   1    11
256000   0    11
   99   1    11
 1044  10    11
 2086  10    11
 3043  10    11
 4100  10    11
 5042  10    11
 6092  10    11
 7070  10    11
 8098  10    11
 9016  10    11
10031  10    11
11004  10    11
12024  10    11
13031  10    11
14062  10    11
15100  10    11
16093  10    11
17056  10    11
18079  10    11
19059  10    11
20013  10    11
21006  10    11
22067  10    11
23089  10    11
24028  10    11
25021  10    11
26004  10    11
27098  10    11
28072  10    11
29001  10    11
30091  10    11
31047  10    11
32070  10    11
33096  10    11
34001  10    11
35078  10    11
36060  10    11
37062  10    11
38064  10    11
39070  10    11
40017  10    11
41012  10    11
42047  10    11
43024  10    11
44049  10    11
45077  10    11
46042  10    11
47090  10    11
48035  10    11
49092  10    11
50039  10    11
51081  10    11
52052  10    11
52101  10    11
52175  10    11
52290  10    11
52361  10    11
52459  10    11
52616  10    11
52729  10    11
52774  10    11
52902   7    11
52952   8    11
54072  10    11
55039  10    11
56045  10    11
56092  10    11
56145  10    11
56272  10    11
56431  10    11
56470  10    11
56593  10    11
56714  10    11
56776  10    11
56883   4    11
57042   4    11
57009   1    11
57155   7    11
57210   5    11
57386   2    11
57409   3    11
57558  10    11
57666   4    11
57748   7    11
57814   7    11
57952  10    11
59045  10    11
60028  10    11
60097   9    11
60212   5    11
60332  10    11
60417  10    11
60522  10    11
60635  10    11
60733  10    11
60841  10    11
60944   3    11
61042   0    11
61130   0    11
61255   1    11
61288   3    11
61430   1    11
61506   0    11
61643  10    11
61756   6    11
61805   2    11
61964   7    11
62058   5    11
63039   3    11
63093   3    11
63249   4    11
63281   1    11
63396   1    11
63536   6    11
63657   8    11
63728   4    11
63788   4    11
63904   7    11
64024   7    11
65052  10    11
66098  10    11
66138  10    11
66169  10    11
66265  10    11
66400   1    11
66560   1    11
66611   2    11
66687   1    11
66767   0    11
66891   2    11
66993   1    11
68078  10    11
68120  10    11
68200  10    11
68304  10    11
68431  10    11
68519  10    11
68588   0    11
68737   0    11
68796   0    11
68880   0    11
69018   2    11
69079   0    11
69130   0    11
69221   0    11
69359   0    11
69468   4    11
69540   3    11
69678   1    11
69716   4    11
69833   2    11
69998   2    11
71034   3    11
71165   0    11
71262   0    11
71326   0    11
71443   1    11
71567   0    11
71692   4    11
71747   6    11
71890   7    11
71982   0    11
72097   0    11
73032   8    11
74072  10    11
74009  10    11
74139  10    11
74298  10    11
74369  10    11
74456  10    11
74601   0    11
74673   0    11
74743   0    11
74858   0    11
74961   0    11
75073   0    11
75226   0    11
75320   0    11
75422   0    11
75548   1    11
75555   1    11
75675   1    11
75826   2    11
75912   0    11
75985   3    11
77082   0    11
78005   0    11
79012   3    11
79088   6    11
79216   2    11
79325   3    11
79447   3    11
79516   0    11
79645   0    11
79702   0    11
79821   0    11
79924   0    11
80018   0    11
81027   3    11
81055   0    11
81208   0    11
81257   0    11
81407   0    11
81518   0    11
81562   0    11
81689   0    11
81834   0    11
81887   0    11
81968   0    11
83057   0    11
84073   1    11
84159   4    11
84275   2    11
84322   1    11
84394   0    11
84515   1    11
84606   1    11
84693   3    11
84802   4    11
84892   2    11
85061   3    11
86038   0    11
87072   0    11
88086   1    11
88131   0    11
88207   2    11
88327   0    11
88364   0    11
88451   0    11
88632   0    11
88731   0    11
88835   0    11
88871   1    11
88990   0    11
90080   0    11
91015   3    11
91187   1    11
91287   4    11
91296   1    11
91406   2    11
91492   3    11
91641   0    11
91733   0    11
91888   0    11
91930   0    11
92030   0    11
93098   0    11
94063   1    11
94102   0    11
94210   4    11
94359   0    11
94416   2    11
94545   0    11
94598   0    11
94766   0    11
94832   0    11
94869   0    11
95043   0    11
96094  10    11
97004  10    11
97086  10    11
97201  10    11
97306  10    11
97411  10    11
97480  10    11
97613   0    11
97764   0    11
97847   0    11
97929   0    11
98075   0    11
98021   0    11
98106   0    11
98209   0    11
98374   0    11
98446   0    11
98579   0    11
98604   0    11
98712   0    11
98838   0    11
98994   0    11
100015   0    11
101006   0    11
102017   0    11
103068   0    11
104074   0    11
105001   0    11
106003   0    11
107014   0    11
108070   2    11
108074   0    11
108173   0    11
108312   0    11
108336   0    11
108530   0    11
108539   0    11
108694   0    11
108820   0    11
108924   0    11
108956   0    11
110017   0    11
111100   0    11
112098   5    11
112044   0    11
112163   0    11
112313   0    11
112416   0    11
112499   0    11
112534   0    11
112715   0    11
112811   0    11
112877   0    11
112968   0    11
114050   0    11
115001   1    11
115150   0    11
115251   0    11
115337   0    11
115451   0    11
115531   0    11
115590   0    11
115682   0    11
115845   0    11
115897   0    11
116035   0    11
117052   0    11
118087   0    11
119040   0    11
120100   0    11
121013   0    11
122064   0    11
  300   1    12
  600  10    12
 1200  10    12
 2400  10    12
 4800  10    12
 9600  10    12
14400  10    12
19200  10    12
28800  10    12
38400  10    12
56000  10    12
57600  8    12
115200   0    12
256000   0    12
   27   1    12
 1082  10    12
 2004  10    12
 3044  10    12
 4067  10    12
 5018  10    12
 6095  10    12
 7076  10    12
 8040  10    12
 9010  10    12
10001  10    12
11048  10    12
12065  10    12
13032  10    12
14036  10    12
15065  10    12
16082  10    12
17076  10    12
18050  10    12
19021  10    12
20010  10    12
21053  10    12
22082  10    12
23079  10    12
24045  10    12
25035  10    12
26020  10    12
27042  10    12
28068  10    12
29021  10    12
30027  10    12
31071  10    12
32038  10    12
33078  10    12
34024  10    12
35068  10    12
36039  10    12
37015  10    12
38004  10    12
39046  10    12
40081  10    12
41032  10    12
42041  10    12
43054  10    12
44022  10    12
45071  10    12
46057  10    12
47100  10    12
48088  10    12
49015  10    12
50068  10    12
51082  10    12
52076  10    12
53095  10    12
54015  10    12
55051  10    12
56069  10    12
57059  10    12
57036  10    12
57146  10    12
57284  10    12
57415  10    12
57471   9    12
57576   6    12
57691   6    12
57756   4    12
57878   5    12
57995  10    12
59099  10    12
60093  10    12
61086  10    12
62030  10    12
63028  10    12
63047   9    12
63215  10    12
63323  10    12
63364  10    12
63531  10    12
63594   2    12
63717   5    12
63840   5    12
63893   6    12
64029   6    12
64047   2    12
64205   9    12
64279  10    12
64413  10    12
64482  10    12
64574  10    12
64659  10    12
64826  10    12
64931   5    12
64983   4    12
66059  10    12
66112  10    12
66258  10    12
66301  10    12
66420  10    12
66552  10    12
66577  10    12
66688  10    12
66840  10    12
66966  10    12
67023  10    12
68023  10    12
68125   9    12
68182  10    12
68290  10    12
68390  10    12
68525  10    12
68622   5    12
68698   7    12
68802   4    12
68957   5    12
69015   7    12
70038  10    12
70015  10    12
70133  10    12
70223   0    12
70391   0    12
70474   0    12
70541   0    12
70651   0    12
70727   0    12
70820   0    12
70950   0    12
72001  10    12
72117   9    12
72143  10    12
72296  10    12
72391  10    12
72439  10    12
72550  10    12
72651  10    12
72791   6    12
72882   4    12
72925   4    12
74068  10    12
74186  10    12
74238  10    12
74310  10    12
74393  10    12
74548   0    12
74630   2    12
74749   0    12
74816   1    12
74955   3    12
74999   0    12
75068   0    12
75204   2    12
75294   1    12
75380   2    12
75526   5    12
75624   3    12
75728   3    12
75811   4    12
75899   6    12
75988   6    12
77073  10    12
77058  10    12
77195  10    12
77307  10    12
77429   4    12
77520   0    12
77596   0    12
77700   5    12
77824   1    12
77911   0    12
77983   4    12
79025  10    12
79109  10    12
79239  10    12
79355  10    12
79418  10    12
79516   0    12
79695   3    12
79706   2    12
79805   3    12
79976   3    12
80015   1    12
80093   2    12
80184   0    12
80299   1    12
80386   3    12
80472   0    12
80541   0    12
80662   6    12
80789   5    12
80918   3    12
80966   3    12
82088   2    12
82069   1    12
82192   2    12
82312   0    12
82437   2    12
82532   1    12
82578   0    12
82647   2    12
82836   7    12
82841   2    12
82960   3    12
84015  10    12
85054  10    12
85093   9    12
85193   4    12
85297   2    12
85420   2    12
85553   0    12
85608   2    12
85680   1    12
85798   1    12
85897   2    12
86052   1    12
87069   1    12
87122   1    12
87200   0    12
87262   0    12
87417   0    12
87552   0    12
87559   0    12
87706   0    12
87847   0    12
87953   0    12
88042   0    12
89058   6    12
89108   3    12
89221   4    12
89307   4    12
89405   1    12
89498   3    12
89613   2    12
89679   3    12
89747  10    12
89851   0    12
89981   1    12
90186   7    12
90267   0    12
90368   0    12
90468   0    12
90540   0    12
90643   0    12
90708   0    12
90796   0    12
90967   0    12
91084   0    12
92085   5    12
92102   1    12
92256   0    12
92329   2    12
92448   0    12
92581   0    12
92686   1    12
92706   2    12
92810   0    12
92919   1    12
93097   2    12
94016   2    12
94171   0    12
94187   0    12
94366   0    12
94439   0    12
94540   0    12
94627   0    12
94685   0    12
94825   0    12
94953   0    12
95000   0    12
96044   4    12
96150   0    12
96192   0    12
96354   0    12
96438   0    12
96507   0    12
96614   0    12
96751   0    12
96802   0    12
96931   0    12
97030   0    12
98021   0    12
99076   0    12
100074   2    12
100074   2    12
100239   1    12
100333   0    12
100351   2    12
100443   0    12
100544   0    12
100665   0    12
100805   0    12
100906   0    12
100984   0    12
102091   0    12
103015   1    12
103072   1    12
103195   2    12
103252   1    12
103328   2    12
103485   2    12
103523   4    12
103645   0    12
103799   0    12
103854   2    12
103950   1    12
105011   2    12
105098   0    12
105220   0    12
105323   0    12
105385   0    12
105480   0    12
105592   0    12
105759   0    12
105821   0    12
105955   0    12
105983   0    12
107035   0    12
108022   0    12
109095   1    12
109068   0    12
109167   0    12
109211   0    12
109384   0    12
109448   0    12
109559   0    12
109643   0    12
109744   0    12
109907   0    12
109968   0    12
111029   0    12
112073   0    12
113049   1    12
113157   0    12
113191   0    12
113327   0    12
113474   1    12
113498   1    12
113686   2    12
113698   0    12
113826   1    12
113895   1    12
114007   0    12
115069   0    12