  300   0    10
  600   0    10
 1200   0    10
 2400   0    10
 4800   0    10
 9600  20    10
14400   0    10
19200  20    10
28800  20    10
38400  20    10
56000   0    10
57600   1    10
115200   0    10
256000   0    10
   19   0    10
 1016   0    10
 2074   0    10
 3038   0    10
 4083   0    10
 5018   0    10
 6020   0    10
 7038   0    10
 8030  10    10
 9076  10    10
 9061  10    10
 9206  10    10
 9231  10    10
 9393  10    10
 9442  10    10
 9559  10    10
 9688  10    10
 9809   5    10
 9828   5    10
 9958   5    10
10046   0    10
10232   0    10
10319   0    10
10427   0    10
10510   0    10
10621   0    10
10653   0    10
10785   0    10
10901   0    10
11032   0    10
12100   0    10
13072   0    10
14019   0    10
15021  10    10
16075  10    10
17040  10    10
18015  10    10
19054  10    10
20032  10    10
21064  10    10
22041  10    10
23066  10    10
24019  10    10
25097  10    10
26049  10    10
27012  10    10
28091  10    10
29014  10    10
30010  10    10
31016  10    10
32048  10    10
33036  10    10
33072  10    10
33215   9    10
33317  10    10
33362  10    10
33515  10    10
33599  10    10
33663  10    10
33814  10    10
33942  10    10
33989  10    10
35007  10    10
36069  10    10
37033  10    10
37064   4    10
37224   0    10
37291   0    10
37426   0    10
37514   0    10
37570   0    10
37661   0    10
37839   0    10
37873   0    10
38043   0    10
39054   7    10
40001  10    10
40109  10    10
40213  10    10
40314   3    10
40387   0    10
40505   0    10
40643   0    10
40771   0    10
40838   0    10
40925   0    10
41049   0    10
42036  10    10
42080   5    10
42149   0    10
42295   0    10
42346   0    10
42466   0    10
42544   0    10
42670   0    10
42786   0    10
42905   0    10
42979   0    10
44025   7    10
44125   5    10
44234   4    10
44294   1    10
44397   0    10
44510   0    10
44621   0    10
44720   0    10
44765   0    10
44862   0    10
44946   0    10
46018  10    10
46115   0    10
46253   0    10
46306   0    10
46449   0    10
46480   0    10
46571   0    10
46740   0    10
46793   0    10
46914   0    10
47054   0    10
48013   1    10
48159   3    10
48248   0    10
48323   0    10
48387   0    10
48559   0    10
48636   0    10
48732   0    10
48781   0    10
48884   0    10
49030   0    10
50003  10    10
50041  10    10
50113  10    10
50216  10    10
50311  10    10
50411  10    10
50550   9    10
50606   0    10
50756   0    10
50890   0    10
50972   0    10
51137   0    10
51235   0    10
51304   0    10
51360   0    10
51500   0    10
51596   0    10
51688   0    10
51839   0    10
51957   0    10
51984   0    10
53006   0    10
54024   0    10
55073   0    10
56085   0    10
57018   3    10
57043   6    10
57147   0    10
57312   0    10
57315   0    10
57466   0    10
57593   0    10
57672   0    10
57798   0    10
57872   0    10
57978   0    10
59042   1    10
59127   0    10
59149   0    10
59335   0    10
59370   0    10
59494   0    10
59623   0    10
59713   0    10
59761   0    10
59853   0    10
59955   0    10
61051   4    10
61126   0    10
61183   0    10
61252   0    10
61358   0    10
61485   0    10
61597   0    10
61711   0    10
61818   0    10
61857   0    10
62006   0    10
63029   0    10
64019   0    10
65077   1    10
65112   0    10
65246   0    10
65299   0    10
65368   0    10
65517   0    10
65550   0    10
65738   0    10
65825   0    10
65914   0    10
66009   0    10
67080   0    10
68034   2    10
68097   0    10
68214   0    10
68303   0    10
68409   0    10
68579   0    10
68643   0    10
68707   0    10
68822   0    10
68957   0    10
69019   0    10
70016   0    10
71026   2    10
71179   0    10
71285   0    10
71333   0    10
71411   0    10
71560   0    10
71599   0    10
71716   0    10
71853   0    10
71976   0    10
72002   0    10
73086   0    10
74066   0    10
75096   0    10
76036   5    10
76022   0    10
76170   0    10
76278   0    10
76348   0    10
76479   0    10
76537   0    10
76647   0    10
76789   0    10
76888   0    10
76932   0    10
78086   0    10
79095   0    10
80075   0    10
81080   1    10
81038   0    10
81125   0    10
81232   0    10
81388   0    10
81431   0    10
81617   0    10
81647   0    10
81732   0    10
81866   0    10
81930   0    10
83060   0    10
84045   0    10
85025   0    10
86058   0    10
87017   0    10
88078   0    10
89030   0    10
90082   0    10
91011   0    10
92001   1    10
92137   0    10
92237   0    10
92319   0    10
92453   0    10
92517   0    10
92640   0    10
92744   0    10
92835   0    10
92900   0    10
93047   0    10
94007   0    10
95079   0    10
96024   0    10
97075   0    10
98019   0    10
99100   0    10
100033   1    10
100183   1    10
100236   0    10
100324   0    10
100440   0    10
100555   0    10
100626   0    10
100785   0    10
100814   0    10
100972   0    10
101049   0    10
102028   0    10
103001   0    10
104067   0    10
105074   0    10
106018   1    10
106066   0    10
106196   0    10
106277   0    10
106338   0    10
106491   0    10
106571   0    10
106718   0    10
106801   0    10
106824   0    10
106993   0    10
108091   1    10
108184   0    10
108268   0    10
108359   0    10
108490   0    10
108510   0    10
108682   0    10
108697   0    10
