  300   0    11
  600   0    11
 1200   0    11
 2400   0    11
 4800   0    11
 9600  20    11
14400   0    11
19200  20    11
28800  20    11
38400   5    11
56000   1    11
57600  10    11
115200   0    11
256000   0    11
   92   0    11
 1068   0    11
 2043   0    11
 3099   0    11
 4018   0    11
 5067   0    11
 6008   0    11
 7072   0    11
 8055   3    11
 9088  10    11
10067  10    11
10113  10    11
10142  10    11
10243  10    11
10428  10    11
10487  10    11
10607  10    11
10635  10    11
10769  10    11
10879   5    11
11013   1    11
11142   0    11
11209   0    11
11327   0    11
11456   0    11
11547   0    11
11648   0    11
11782   0    11
11886   0    11
11927   0    11
12025   0    11
13092   0    11
14094   0    11
15026   0    11
16029   0    11
17062  10    11
18077  10    11
19018  10    11
20048  10    11
21088  10    11
22038  10    11
23013  10    11
24046  10    11
25060  10    11
26095  10    11
27096  10    11
28095  10    11
29052  10    11
30072  10    11
31090  10    11
32035  10    11
33042  10    11
34047  10    11
35012  10    11
36100  10    11
37004  10    11
38038  10    11
39056  10    11
40099  10    11
40114  10    11
40199  10    11
40310  10    11
40429   9    11
40503   3    11
40646   6    11
40759   5    11
40818   0    11
40970   0    11
40997   0    11
42025  10    11
42147  10    11
42269  10    11
42331  10    11
42433  10    11
42525  10    11
42611  10    11
42704  10    11
42871   9    11
42927   3    11
43022   0    11
43094   2    11
43177   0    11
43266   0    11
43413   0    11
43482   0    11
43588   0    11
43743   0    11
43817   0    11
43876   0    11
43956   0    11
45058   4    11
45017   3    11
45201   0    11
45263   0    11
45329   0    11
45432   0    11
45569   0    11
45702   0    11
45802   0    11
45836   0    11
45929   0    11
47048   6    11
47095   0    11
47231   0    11
47262   0    11
47394   0    11
47499   0    11
47609   0    11
47722   0    11
47813   0    11
47846   0    11
47975   0    11
49087   9    11
49164   0    11
49233   0    11
49303   0    11
49471   0    11
49560   0    11
49675   0    11
49726   0    11
49862   0    11
49942   0    11
50086   0    11
51039  10    11
51057  10    11
51215  10    11
51232   5    11
51370   0    11
51436   0    11
51584   0    11
51651   0    11
51799   0    11
51868   0    11
51984   0    11
52017   0    11
52143   0    11
52270   0    11
52348   0    11
52455   0    11
52606   0    11
52662   0    11
52737   0    11
52839   0    11
52947   0    11
54071   0    11
55078   1    11
55030   0    11
55167   0    11
55271   0    11
55343   0    11
55503   0    11
55614   0    11
55621   0    11
55806   0    11
55845   0    11
55974   0    11
57076   3    11
57153  10    11
57201   6    11
57337   0    11
57446   0    11
57512   0    11
57670   0    11
57759   0    11
57829   0    11
57976   0    11
58092   0    11
58066   0    11
58227   0    11
58351   0    11
58385   0    11
58484   0    11
58623   0    11
58691   0    11
58779   0    11
58896   0    11
59028   0    11
60018   0    11
61089   2    11
61030   0    11
61153   0    11
61217   0    11
61403   0    11
61490   0    11
61536   0    11
61634   0    11
61805   0    11
61908   0    11
61937   0    11
63051   0    11
64019   0    11
65029   6    11
65065   0    11
65141   0    11
65305   0    11
65356   0    11
65482   0    11
65542   0    11
65614   0    11
65723   0    11
65889   0    11
65930   0    11
67100   0    11
68008   0    11
69092   2    11
69105   0    11
69150   0    11
69303   0    11
69345   0    11
69433   0    11
69540   0    11
69672   0    11
69739   0    11
69878   0    11
69995   0    11
71078   0    11
72100   7    11
72191  10    11
72262   0    11
72365   0    11
72451   0    11
72576   0    11
72639   0    11
72747   0    11
72871   0    11
72994   0    11
73002   0    11
73143   0    11
73275   0    11
73341   0    11
73432   0    11
73553   0    11
73618   0    11
73733   0    11
73854   0    11
73922   0    11
74073   0    11
75010   1    11
75151   0    11
75201   0    11
75363   0    11
75446   0    11
75495   0    11
75660   0    11
75783   0    11
75804   0    11
75906   0    11
76010   0    11
77039   0    11
78082   1    11
78110   0    11
78271   0    11
78313   0    11
78404   0    11
78511   0    11
78609   0    11
78713   0    11
78855   0    11
78977   0    11
79064   0    11
80064   6    11
80022   7    11
80153   0    11
80240   0    11
80386   0    11
80450   0    11
80552   0    11
80641   0    11
80775   0    11
80881   0    11
80979   0    11
82043   0    11
83099   1    11
83129   0    11
83272   0    11
83344   0    11
83468   0    11
83506   0    11
83644   0    11
83781   0    11
83828   0    11
83920   0    11
84082   0    11
85006   0    11
86018   0    11
87034   0    11
88021   1    11
88085   0    11
88207   0    11
88271   0    11
88425   0    11
88458   0    11
88579   0    11
88707   0    11
88731   0    11
88893   0    11
88988   0    11
90039   4    11
90052   1    11
90149   0    11
90312   0    11
90406   0    11
90513   0    11
90543   0    11
90671   0    11
90804   0    11
90856   0    11
90981   0    11
92041   0    11
93009   0    11
94008   0    11
95070   0    11
96097   0    11
97081   0    11
98066   0    11
99001   0    11
100092   0    11
101055   0    11
102040   0    11
103008   1    11
103091   0    11
103183   0    11
103310   0    11
103339   0    11
103510   0    11
103591   0    11
103713   0    11
103806   0    11
103826   0    11
103982   0    11
105090   0    11
106006   0    11
107037   1    11
107007   0    11
107117   0    11
107269   0    11
107382   0    11
107461   0    11
107587   0    11
107668   0    11
107747   0    11
107828   0    11
107938   0    11
109018   0    11
110055   0    11
111040   0    11
112031   0    11
113048   0    11
114004   0    11
115095   0    11
