  300   0    12
  600   0    12
 1200   0    12
 2400   0    12
 4800   0    12
 9600  20    12
14400   0    12
19200  20    12
28800  20    12
38400  20    12
56000   8    12
57600  18    12
115200   0    12
256000   0    12
   24   0    12
 1081   0    12
 2034   0    12
 3066   0    12
 4004   0    12
 5011   0    12
 6030   0    12
 7037   0    12
 8051   0    12
 9068  10    12
10096  10    12
11092  10    12
11030  10    12
11190  10    12
11207  10    12
11347  10    12
11411  10    12
11577  10    12
11670  10    12
11768  10    12
11832   5    12
11910   5    12
12135   0    12
12173   0    12
12311   0    12
12417   0    12
12481   0    12
12650   0    12
12749   0    12
12843   0    12
12870   0    12
13060   0    12
14032   0    12
15034   0    12
16054   0    12
17002   0    12
18054  10    12
19100  10    12
20016  10    12
21033  10    12
22095  10    12
23047  10    12
24021  10    12
25074  10    12
26025  10    12
27061  10    12
28003  10    12
29066  10    12
30045  10    12
31056  10    12
32098  10    12
33059  10    12
34033  10    12
35071  10    12
36076  10    12
37029  10    12
38070  10    12
39011  10    12
40036  10    12
40089  10    12
40152  10    12
40289  10    12
40412  10    12
40454  10    12
40549  10    12
40700   5    12
40815   8    12
40858   1    12
40941   6    12
42039  10    12
43014  10    12
43088  10    12
43206  10    12
43278  10    12
43425  10    12
43557  10    12
43630  10    12
43708  10    12
43780  10    12
43895  10    12
43968  10    12
45078  10    12
46092  10    12
47076  10    12
48071  10    12
49054  10    12
50093  10    12
50100  10    12
50213   7    12
50294   0    12
50415   0    12
50513   0    12
50653   0    12
50726   0    12
50773   0    12
50876   0    12
51009   0    12
52008  10    12
52028  10    12
52192  10    12
52219  10    12
52322  10    12
52478  10    12
52572  10    12
52616  10    12
52737  10    12
52842  10    12
52923   1    12
53084   0    12
53212   0    12
53275   0    12
53420   0    12
53508   0    12
53619   0    12
53744   0    12
53787   0    12
53948   0    12
53976   0    12
55049   2    12
55136   0    12
55188   0    12
55381   0    12
55439   0    12
55568   0    12
55639   0    12
55737   0    12
55861   0    12
55891   0    12
56017   0    12
57055   1    12
58039  10    12
58078  10    12
58220  10    12
58304  10    12
58358  10    12
58445  10    12
58585   3    12
58703   2    12
58755   0    12
58851   1    12
58926   3    12
59049   0    12
59193   0    12
59262   0    12
59400   0    12
59515   0    12
59594   0    12
59655   0    12
59798   0    12
59904   0    12
59965   0    12
61033   4    12
61072   0    12
61126   0    12
61275   0    12
61367   0    12
61421   0    12
61512   0    12
61677   0    12
61738   0    12
61870   0    12
61985   0    12
63033   7    12
63063   6    12
63220   0    12
63321   0    12
63363   0    12
63496   0    12
63600   0    12
63662   0    12
63796   0    12
63883   0    12
64047   0    12
65046   3    12
65072   6    12
65263   0    12
65287   0    12
65419   0    12
65523   0    12
65596   0    12
65719   0    12
65806   0    12
65899   0    12
66064   0    12
67083   4    12
67019   0    12
67147   0    12
67265   0    12
67390   0    12
67456   0    12
67603   0    12
67621   0    12
67785   0    12
67830   0    12
67944   0    12
69019   2    12
69085   0    12
69242   4    12
69377   0    12
69444   0    12
69503   0    12
69665   0    12
69755   0    12
69838   0    12
69896   0    12
70052   0    12
71059   2    12
71137  10    12
71229  10    12
71283  10    12
71454  10    12
71562  10    12
71616  10    12
71671  10    12
71798  10    12
71887   0    12
72034   0    12
72161   0    12
72234   0    12
72377   0    12
72431   0    12
72589   0    12
72677   0    12
72739   0    12
72884   0    12
72932   0    12
73084   0    12
74092   1    12
75063  10    12
75044  10    12
75157   1    12
75276   0    12
75358   0    12
75473   0    12
75557   0    12
75674   0    12
75722   0    12
75824   0    12
75921   0    12
76083   0    12
76150   0    12
76257   0    12
76404   0    12
76455   0    12
76579   0    12
76680   0    12
76833   0    12
76895   0    12
77021   0    12
78064   0    12
79067   2    12
79086   6    12
79192   0    12
79251   0    12
79343   0    12
79472   0    12
79626   0    12
79687   0    12
79783   0    12
79930   0    12
79963   0    12
81041   0    12
82087   1    12
82173   3    12
82286   0    12
82341   0    12
82402   0    12
82579   0    12
82679   0    12
82777   0    12
82886   0    12
82925   0    12
83000   0    12
84001   1    12
84082   0    12
84196   0    12
84343   0    12
84400   0    12
84515   0    12
84592   0    12
84709   0    12
84865   0    12
84916   0    12
85014   0    12
86097   0    12
87091   0    12
88033   0    12
89059   0    12
90085   0    12
91059   0    12
92090   0    12
93032   0    12
94062   0    12
95041   0    12
96048   0    12
97028   1    12
97123   0    12
97222   0    12
97301   0    12
97445   0    12
97488   0    12
97654   0    12
97708   0    12
97790   0    12
97876   0    12
98043   0    12
99026   0    12
100031   0    12
101009   1    12
101061   0    12
101196   0    12
101293   0    12
101396   0    12
101502   0    12
101563   0    12
101626   0    12
101739   0    12
101905   0    12
102005   0    12
103051   0    12
104029   1    12
104129   0    12
104248   0    12
104315   0    12
104356   0    12
104463   0    12
104577   0    12
104716   0    12
104852   0    12
104945   0    12
105046   0    12
106052   0    12
107012   0    12
108001   0    12
109067   2    12
109065   0    12
109171   0    12
109296   0    12
109371   0    12
109441   0    12
109579   0    12
109661   0    12
109776   0    12
109853   0    12
110025   0    12
111095   0    12
112014   0    12
113004   0    12
114096   0    12
115040   0    12
