  300   0    1
  600   0    1
 1200   0    1
 2400  20    1
 4800   5    1
 9600   0    1
14400   0    1
19200   0    1
28800   0    1
38400   0    1
56000   0    1
57600   0    1
115200   0    1
256000   0    1
   45  10    1
  138   0    1
  144   0    1
  331   0    1
  428   0    1
  459   0    1
  582   0    1
  704   0    1
  839   0    1
  896  10    1
  955  10    1
 2057  10    1
 3014  10    1
 4081  10    1
 5022  10    1
 5126   0    1
 5238   0    1
 5351   2    1
 5366   0    1
 5509   0    1
 5557   0    1
 5730   0    1
 5757   0    1
 5925   0    1
 6029   0    1
 7011   0    1
 8022   0    1
 9015   0    1