  300   0    2
  600   0    2
 1200   0    2
 2400   0    2
 4800  20    2
 9600  19    2
14400   0    2
19200   0    2
28800   0    2
38400   0    2
56000   0    2
57600   0    2
115200   0    2
256000   0    2
   51   0    2
 1022   0    2
 2072   0    2
 3012  10    2
 4035  10    2
 5009  10    2
 6097  10    2
 7091  10    2
 7129   8    2
 7191  10    2
 7321  10    2
 7402  10    2
 7535  10    2
 7655   4    2
 7722   0    2
 7862   0    2
 7909   0    2
 8011   0    2
 8034   7    2
 8139   0    2
 8215   0    2
 8333   0    2
 8484   0    2
 8522   0    2
 8698   0    2
 8736   0    2
 8867   0    2
 8954   0    2
10086  10    2
10070   8    2
10145   0    2
10284   0    2
10384   0    2
10520   0    2
10572   0    2
10709   0    2
10784   0    2
10943   0    2
11004   0    2
12002   0    2
13027   2    2
13102   2    2
13190   0    2
13317   0    2
13439   0    2
13525   0    2
13567   0    2
13692   0    2
13761   0    2
13866   0    2
13999   0    2
