  300   0    3
  600   0    3
 1200   0    3
 2400  20    3
 4800  20    3
 9600  20    3
14400  20    3
19200   0    3
28800   0    3
38400   0    3
56000   0    3
57600   0    3
115200   0    3
256000   0    3
   31   0    3
 1061   0    3
 2069   0    3
 3026   0    3
 4066   0    3
 5064  10    3
 6046  10    3
 7048  10    3
 8030  10    3
 9038  10    3
10057  10    3
10105  10    3
10148  10    3
10290   3    3
10388   0    3
10466   0    3
10525   0    3
10697   0    3
10717   0    3
10862   0    3
10997   0    3
11054  10    3
11143   3    3
11224   0    3
11384   0    3
11452   0    3
11591   0    3
11651   0    3
11811   0    3
11836   0    3
11925   0    3
13008   3    3
13135  10    3
13159  10    3
13345   9    3
13425   0    3
13468   0    3
13559   0    3
13663   0    3
13746   0    3
13867   0    3
14033   0    3
15078  10    3
15026  10    3
15139   2    3
15229   0    3
15343   0    3
15448   0    3
15594   0    3
15696   0    3
15743   0    3
15872   0    3
15938   0    3
17010  10    3
18053  10    3
18167   1    3
18262   0    3
18297   0    3
18416   0    3
18552   0    3
18628   0    3
18760   0    3
18851   0    3
18896   0    3
19060   0    3