  300   0    4
  600   0    4
 1200   0    4
 2400   0    4
 4800   0    4
 9600  20    4
14400   8    4
19200   3    4
28800   6    4
38400   0    4
56000   0    4
57600   0    4
115200   0    4
256000   0    4
   72   0    4
 1036   0    4
 2043   0    4
 3017  10    4
 3129   0    4
 3169   0    4
 3254   0    4
 3428   0    4
 3485   0    4
 3582  10    4
 3682  10    4
 3817  10    4
 3887  10    4
 3995   5    4
 4121   0    4
 4226   0    4
 4268   0    4
 4379   0    4
 4451   0    4
 4588   0    4
 4654   0    4
 4764   0    4
 4926   0    4
 5021   0    4
 6058  10    4
 7023  10    4
 8088  10    4
 9007  10    4
10074  10    4
11094  10    4
12001  10    4
12070  10    4
12167  10    4
12244  10    4
12431  10    4
12516  10    4
12565  10    4
12708  10    4
12779  10    4
12863   8    4
13031  10    4
14025  10    4
15063  10    4
16055  10    4
16021  10    4
16201  10    4
16214   9    4
16373   0    4
16497   0    4
16583   0    4
16702   0    4
16808   0    4
16890   0    4
16999   0    4
17152   7    4
17218   5    4
17326   3    4
17390   0    4
17551   0    4
17634   0    4
17693   0    4
17818   0    4
17900   0    4
18019   0    4
19062  10    4
19147  10    4
19207  10    4
19354  10    4
19397   5    4
19491   0    4
19597   0    4
19732   0    4
19845   0    4
19894   0    4
20081   0    4
21011  10    4
21068  10    4
21129  10    4
21228   0    4
21386   0    4
21463   0    4
21591   0    4
21625   0    4
21804   0    4
21813   0    4
21913   0    4
23077  10    4
23072   2    4
23223   0    4
23325   0    4
23437   0    4
23528   0    4
23591   0    4
23736   0    4
23774   0    4
23911   0    4
23971   0    4
25022   5    4
25089   3    4
25236   0    4
25356   0    4
25380   0    4
25515   0    4
25612   0    4
25684   0    4
25875   0    4
25956   0    4
25996   0    4
27023   0    4
28091   0    4
29100   2    4
29124   0    4
29188   0    4
29276   0    4
29440   0    4
29545   0    4
29585   0    4
29731   0    4
29843   0    4
29926   0    4
30069   0    4
31059   0    4
32086   0    4
33034   0    4
34001   0    4
35021   1    4
35026   0    4
35202   0    4
35241   0    4
35340   0    4
35427   0    4
35596   0    4
35615   0    4
35752   0    4
35818   0    4
35963   0    4
37096   1    4
37109   1    4
37293   0    4
37327   0    4
37474   0    4
37498   0    4
37637   0    4
37776   0    4
37798   0    4
37987   0    4
38057   0    4