  300   0    5
  600   0    5
 1200   0    5
 2400   0    5
 4800  20    5
 9600  20    5
14400  20    5
19200  20    5
38400   4    5
56000   0    5
57600   0    5
115200   0    5
256000   0    5
    5   0    5
 1085   0    5
 2052   0    5
 3025   0    5
 4088  10    5
 4026   0    5
 4204   0    5
 4254   0    5
 4373   0    5
 4502  10    5
 4563  10    5
 4675  10    5
 4781  10    5
 4859  10    5
 4990   5    5
 5159   0    5
 5212   0    5
 5374   0    5
 5481   0    5
 5516   0    5
 5681   0    5
 5714   0    5
 5796   0    5
 5956   0    5
 6016   0    5
 7012   0    5
 8070  10    5
 9092  10    5
10043  10    5
11021  10    5
12066  10    5
13032  10    5
14012  10    5
15045  10    5
16066  10    5
17024  10    5
18049  10    5
19015  10    5
19079  10    5
19247  10    5
19273  10    5
19351  10    5
19497  10    5
19609   4    5
19677   0    5
19792   0    5
19868   0    5
19955   0    5
21074  10    5
21099  10    5
21191   6    5
21316   0    5
21437   0    5
21499   0    5
21581   0    5
21670   0    5
21804   0    5
21920   0    5
22009   0    5
22101   3    5
22197   7    5
22372   7    5
22388   2    5
22481   0    5
22583   0    5
22727   0    5
22813   0    5
22952   0    5
23035   0    5
24049   4    5
24138   5    5
24225   0    5
24331   0    5
24488   0    5
24596   0    5
24626   0    5
24702   0    5
24810   0    5
24930   0    5
25071   0    5
26055  10    5
26105   2    5
26257   0    5
26356   0    5
26416   0    5
26557   0    5
26664   0    5
26719   0    5
26840   0    5
26947   0    5
27032   0    5
28020   0    5
29019   0    5
30024   0    5
31054   1    5
31148   6    5
31229   0    5
31321   0    5
31403   0    5
31510   0    5
31657   0    5
31778   0    5
31809   0    5
31949   0    5
32052   0    5
33040   2    5
33118   0    5
33182   0    5
33332   0    5
33417   0    5
33491   0    5
33598   0    5
33738   0    5
33762   0    5
33903   0    5
34039   0    5
35071   0    5
36037   2    5
36144   1    5
36261   0    5
36299   0    5
36414   0    5
36480   0    5
36654   0    5
36685   0    5
36807   0    5
36928   0    5
37022   0    5
38033   2    5
38052   3    5
38184   0    5
38306   0    5
38359   0    5
38465   0    5
38573   0    5
38718   0    5
38784   0    5
38897   0    5
39009   0    5
40011   0    5
41005   0    5
42014   2    5
42102   0    5
42204   0    5
42230   0    5
42353   0    5
42446   0    5
42551   0    5
42698   0    5
42761   0    5
42920   0    5
42991   0    5
44017   0    5
45080   0    5
46055   0    5
47052   0    5
48049   0    5
49023   1    5
49148   0    5
49242   0    5
49333   0    5
49409   0    5
49535   0    5
49600   0    5
49747   0    5
49796   0    5
49902   0    5
50006   0    5
51098   0    5
52088   0    5
53058   1    5
53099   0    5
53183   0    5