  300   0    6
  600   0    6
 1200   0    6
 2400   0    6
 4800  20    6
 9600  20    6
14400  20    6
19200  20    6
28800   9    6
38400   4    6
56000   0    6
57600   1    6
115200   0    6
256000   0    6
   61   0    6
 1085   0    6
 2052   0    6
 3058   0    6
 4002   0    6
 5032  10    6
 5089  10    6
 5120  10    6
 5248  10    6
 5349  10    6
 5473  10    6
 5518  10    6
 5660  10    6
 5771  10    6
 5899   5    6
 5937   5    6
 6087   0    6
 6198   0    6
 6223   0    6
 6370   0    6
 6499   0    6
 6574   0    6
 6647   0    6
 6728   0    6
 6900   0    6
 6961   0    6
 8047   0    6
 9064  10    6
10001  10    6
11091  10    6
12006  10    6
13077  10    6
14090  10    6
15003  10    6
16075  10    6
17011  10    6
18002  10    6
19092  10    6
20072  10    6
21019  10    6
21142  10    6
21207  10    6
21295  10    6
21454  10    6
21536  10    6
21618  10    6
21770  10    6
21870   7    6
21930  10    6
22006   8    6
23049  10    6
24023  10    6
24100   4    6
24231   0    6
24315   0    6
24469   0    6
24540   0    6
24583   0    6
24746   0    6
24854   0    6
24955   0    6
25031   0    6
26030   5    6
27077  10    6
28069  10    6
29092  10    6
29069  10    6
29161  10    6
29251  10    6
29354   2    6
29492   0    6
29558   0    6
29620   0    6
29711   0    6
29811   0    6
29920   0    6
30092   1    6
30178   0    6
30355   0    6
30436   0    6
30545   0    6
30630   0    6
30704   0    6
30861   0    6
30948   0    6
31006   0    6
32052   2    6
32088   1    6
32227   0    6
32339   0    6
32392   0    6
32501   0    6
32586   0    6
32694   0    6
32846   0    6
32937   0    6
33035   0    6
34042   6    6
34119   6    6
34218   0    6
34358   0    6
34480   0    6
34487   0    6
34589   0    6
34720   0    6
34802   0    6
34882   0    6
35062   0    6
36023   2    6
36116   0    6
36215   0    6
36258   0    6
36345   0    6
36493   0    6
36615   0    6
36677   0    6
36750   0    6
36871   0    6
36936   0    6
38065   0    6
39087   2    6
39123   1    6
39198   0    6
39302   0    6
39386   0    6
39489   0    6
39540   0    6
39693   0    6
39812   0    6
39853   0    6
40035   0    6
41040   3    6
41104   1    6
41110   0    6
41302   0    6
41347   0    6
41447   0    6
41562   0    6
41627   0    6
41808   0    6
41825   0    6
41929   0    6
43027   0    6
44045   0    6
45066   1    6
45074   0    6
45200   0    6
45276   0    6
45379   0    6
45501   0    6
45599   0    6
45729   0    6
45799   0    6
45946   0    6
46010   0    6
47035   0    6
48029   0    6
49021   0    6
50095   0    6
51019   0    6
52036   0    6
53076   2    6
53087   0    6
53146   0    6
53308   0    6
53389   0    6
53499   0    6
53570   0    6
53694   0    6
53766   0    6
53850   0    6
53978   0    6
55035   1    6
55135   0    6
55251   0    6
55313   0    6
55399   0    6
55557   0    6
55646   0    6
55761   0    6
55804   0    6
55931   0    6
56042   0    6
57058   0    6
58072   1    6
58101   0    6
58216   0    6
58367   0    6
58472   0    6
58584   0    6
58657   0    6
58694   0    6
58875   0    6
58955   0    6
59055   0    6
60016   1    6
60038   1    6
60147   0    6
60329   0    6
60403   0    6
60450   0    6
60598   0    6
60635   0    6
60739   0    6
60893   0    6
60987   0    6
62028   0    6
63008   1    6
63132   0    6
63284   0    6
63305   0    6
63420   0    6
63558   0    6
63671   0    6
63723   0    6
63813   0    6
63981   0    6
64026   0    6
65003   2    6
65031   2    6
65126   0    6
65242   0    6
65369   0    6
65417   0    6
