  300   0    7
  600   0    7
 1200   0    7
 2400   0    7
 4800   0    7
 9600   0    7
14400  20    7
19200  20    7
28800  20    7
38400   4    7
56000   1    7
57600   0    7
115200   0    7
256000   0    7
   90   0    7
 1019   0    7
 2018   0    7
 3012   0    7
 4075   0    7
 5086   0    7
 6094  10    7
 6134   0    7
 6216   0    7
 6345  10    7
 6449  10    7
 6497  10    7
 6667  10    7
 6721  10    7
 6867   5    7
 6956   5    7
 7054   0    7
 7018   0    7
 7183   0    7
 7275   0    7
 7362   0    7
 7507   0    7
 7526   0    7
 7669   0    7
 7792   0    7
 7818   0    7
 8012   0    7
 9048   0    7
10032   0    7
11087  10    7
12081  10    7
13042  10    7
14067  10    7
15014  10    7
16025  10    7
17064  10    7
18035  10    7
19013  10    7
20086  10    7
21057  10    7
22001  10    7
23039  10    7
24078  10    7
24153  10    7
24240  10    7
24394   9    7
24443   3    7
24599   0    7
24635   0    7
24743   0    7
24820   0    7
24990   0    7
25092   0    7
26084  10    7
27012  10    7
27099  10    7
27231   7    7
27299   5    7
27357   0    7
27484   0    7
27563   0    7
27726   0    7
27816   0    7
27942   0    7
27970   0    7
28025   5    7
28164   1    7
28320   0    7
28408   0    7
28431   0    7
28559   0    7
28665   0    7
28741   0    7
28827   0    7
28984   0    7
30087   6    7
30066   3    7
30143   0    7
30252   0    7
30331   0    7
30441   0    7
30582   0    7
30700   0    7
30720   0    7
30908   0    7
30972   0    7
32019   3    7
32115   1    7
32191   0    7
32294   0    7
32443   0    7
32525   0    7
32638   0    7
32731   0    7
32799   0    7
32888   0    7
33050   0    7
34072  10    7
34161   3    7
34172   0    7
34308   0    7
34446   0    7
34515   0    7
34578   0    7
34699   0    7
34797   0    7
34925   0    7
35000   0    7
36089   1    7
36099   1    7
36203   0    7
36350   0    7
36454   0    7
36520   0    7
36655   0    7
36768   0    7
36833   0    7
36889   0    7
37001   0    7
38075   2    7
38068   2    7
38238   0    7
38267   0    7
38406   0    7
38489   0    7
38567   0    7
38716   0    7
38799   0    7
38957   0    7
38970   0    7
40073   1    7
40097   1    7
40203   0    7
40328   0    7
40449   0    7
40519   0    7
40587   0    7
40755   0    7
40856   0    7
40945   0    7
41060   0    7
42047   1    7
42145   0    7
42207   0    7
42296   0    7
42408   0    7
42516   0    7
42614   0    7
42754   0    7
42857   0    7
42939   0    7
42982   0    7
44032   0    7
45027   0    7
46066   0    7
47039   0    7
48098  10    7
48134   0    7
48189   0    7
48322   0    7
48358   0    7
48472   0    7
48579   0    7
48705   0    7
48754   0    7
48882   0    7
49023   0    7
50003   3    7
50096   0    7
50275   0    7
50352   0    7
50462   0    7
50530   0    7
50640   0    7
50724   0    7
50843   0    7
50917   0    7
50996   0    7
52068   1    7
52097   0    7
52177   0    7
52295   0    7
52388   0    7
52469   0    7
52562   0    7
52706   0    7
52790   0    7
52921   0    7
53013   0    7
54057   0    7
55030   1    7
55048   0    7
55156   0    7
55261   0    7
55366   0    7
55528   0    7
55635   0    7
55708   0    7
55796   0    7
55935   0    7
55945   0    7
57055   1    7
