  300   0    8
  600   0    8
 1200   0    8
 2400   0    8
 4800   0    8
 9600   0    8
14400  20    8
19200  20    8
28800   2    8
38400   5    8
56000   0    8
57600   0    8
115200   0    8
256000   0    8
   69   0    8
 1078   0    8
 2026   0    8
 3072   0    8
 4019   0    8
 5094   0    8
 6097  10    8
 7065  10    8
 7079   0    8
 7189  10    8
 7312  10    8
 7387  10    8
 7531  10    8
 7604  10    8
 7728  10    8
 7810  10    8
 7925   5    8
 7965   5    8
 8057   0    8
 8190   0    8
 8253   1    8
 8401   0    8
 8499   0    8
 8630   0    8
 8714   0    8
 8778   0    8
 8904   0    8
 8996   0    8
10047   0    8
11063   0    8
12043  10    8
13024  10    8
14051  10    8
15063  10    8
16074  10    8
17061  10    8
18026  10    8
19064  10    8
20057  10    8
21016  10    8
22089  10    8
23026  10    8
24034  10    8
25089  10    8
26093  10    8
27058  10    8
27178  10    8
27260  10    8
27341   4    8
27445   0    8
27510   0    8
27686   0    8
27792   0    8
27795   0    8
27899   0    8
28070   0    8
29093  10    8
30068  10    8
31087  10    8
31140  10    8
31152  10    8
31250   8    8
31442   0    8
31525   0    8
31584   0    8
31743   0    8
31839   0    8
31893   0    8
31972   0    8
33045  10    8
33046  10    8
33163   6    8
33287   0    8
33340   0    8
33462   0    8
33598   0    8
33698   0    8
33768   0    8
33844   0    8
33981   0    8
35014  10    8
35154  10    8
35188  10    8
35337   3    8
35447   1    8
35525   0    8
35604   0    8
35663   0    8
35811   0    8
35906   0    8
36033   0    8
37036  10    8
37163   8    8
37199   0    8
37383   0    8
37445   0    8
37549   0    8
37682   0    8
37776   0    8
37879   0    8
37911   0    8
38013   0    8
39051   2    8
39148   3    8
39215   1    8
39358   0    8
39426   0    8
39547   0    8
39608   0    8
39683   0    8
39786   0    8
39962   0    8
40002   0    8
41096   1    8
42071  10    8
42026  10    8
42145   1    8
42239   0    8
42396   4    8
42419   2    8
42580   0    8
42678   0    8
42798   0    8
42854   0    8
42957   0    8
43129   0    8
43219   0    8
43281   0    8
43425   0    8
43464   0    8
43595   0    8
43713   0    8
43818   0    8
43863   0    8
43941   0    8
45040   0    8
46060   0    8
47063   3    8
47082   1    8
47172   0    8
47312   0    8
47334   0    8
47469   0    8
47602   0    8
47645   0    8
47764   0    8
47891   0    8
47954   0    8
49094   0    8
50041  10    8
50072   4    8
50196   0    8
50370   0    8
50417   0    8
50514   0    8
50637   0    8
50685   0    8
50802   0    8
50897   0    8
51004   0    8
52056   0    8
53002   0    8
54037   3    8
54030   0    8
54147   0    8
54232   0    8
54373   0    8
54506   0    8
54580   0    8
54668   0    8
54774   0    8
54896   0    8
54998   0    8
