  300   0    9
  600   0    9
 1200   0    9
 2400   0    9
 4800   0    9
 9600   0    9
14400  20    9
19200  20    9
28800  20    9
38400   6    9
56000   7    9
57600   2    9
115200   0    9
256000   0    9
    9   0    9
 1006   0    9
 2067   0    9
 3064   0    9
 4026   0    9
 5033   0    9
 6026   0    9
 7017  10    9
 8025  10    9
 8149  10    9
 8181  10    9
 8324  10    9
 8437  10    9
 8493  10    9
 8656  10    9
 8709  10    9
 8808   5    9
 8895   5    9
 9016   1    9
 9095   0    9
 9196   0    9
 9268   0    9
 9362   1    9
 9454   0    9
 9572   0    9
 9695   0    9
 9821   0    9
 9904   0    9
 9930   0    9
11002   0    9
12030   0    9
13005   0    9
14012  10    9
15069  10    9
16053  10    9
17065  10    9
18082  10    9
19036  10    9
20023  10    9
21046  10    9
22060  10    9
23004  10    9
24005  10    9
25028  10    9
26086  10    9
27046  10    9
28032  10    9
29073  10    9
30035  10    9
31090  10    9
32015  10    9
33003  10    9
34033  10    9
34133  10    9
34174  10    9
34319   7    9
34393   0    9
34493   0    9
34584   0    9
34737   0    9
34767   0    9
34923   0    9
34972   0    9
36010  10    9
37054  10    9
38034  10    9
38132  10    9
38181   7    9
38277   0    9
38418   0    9
38487   0    9
38654   0    9
38743   0    9
38807   0    9
38906   0    9
39057   0    9
39153  10    9
39189  10    9
39259  10    9
39411  10    9
39555  10    9
39635   4    9
39662   3    9
39855   4    9
39947   3    9
40024   0    9
41079  10    9
42037  10    9
43071  10    9
43131  10    9
43169   1    9
43337   0    9
43367   0    9
43540   0    9
43630   0    9
43688   0    9
43785   0    9
43895   0    9
44015   0    9
45026  10    9
45073   0    9
45170   0    9
45223   0    9
45374   0    9
45447   0    9
45536   0    9
45657   0    9
45780   0    9
45825   0    9
45931   0    9
47060   1    9
47029  10    9
47193   1    9
47293   0    9
47330   0    9
47522   0    9
47612   0    9
47704   0    9
47736   0    9
47849   0    9
47978   0    9
48063   0    9
48203   0    9
48338   0    9
48373   0    9
48482   0    9
48637   0    9
48753   0    9
48790   0    9
48957   0    9
48989   0    9
50034   0    9
51007   1    9
51143   7    9
51265   0    9
51362   0    9
51386   0    9
51544   0    9
51610   0    9
51726   0    9
51831   0    9
51899   0    9
52023   0    9
53030   4    9
53067   5    9
53176   0    9
53299   0    9
53398   0    9
53480   0    9
53565   0    9
53732   0    9
53809   0    9
53925   0    9
54022   0    9
55093   2    9
55152   0    9
55192   0    9
55328   0    9
55456   0    9
55503   0    9
55588   0    9
55748   0    9
55783   0    9
55884   0    9
56012   0    9
57073   0    9
58055   6    9
58066   0    9
58197   0    9
58228   0    9
58372   0    9
58480   0    9
58610   0    9
58686   0    9
58799   0    9
58888   0    9
58916   0    9
60065   0    9
61015   0    9
62037   0    9
63077   1    9
63147   0    9
63211   0    9
63341   0    9
63419   0    9
63509   0    9
63591   0    9
63656   0    9
63768   0    9
63872   0    9
63995   0    9
65047   7    9
65154   0    9
65220   0    9
65291   0    9
65377   0    9
65518   0    9
65590   0    9
65698   0    9
65851   0    9
65878   0    9
66039   0    9
67091   0    9
68007   1    9
68143   0    9
68178   0    9
68260   0    9
68424   0    9
68554   0    9
68642   0    9
68661   0    9
68832   0    9
68923   0    9
69045   0    9
70084   0    9
71015   0    9
72012   0    9
73030   2    9
73140   0    9
73222   0    9
73335   0    9
73404   0    9
73530   0    9
73612   0    9
73703   0    9
73806   0    9
73903   0    9
74075   0    9
75009   0    9
76001   0    9
77045   0    9
78003   0    9
79034   0    9
80065   1    9
80059   0    9
80155   0    9
80339   0    9
80434   0    9
80539   0    9
80597   0    9
80704   0    9
80770   0    9
80940   0    9
80949   0    9
82032   0    9
83072   0    9
84067   0    9
85036   1    9
85113   0    9
85186   0    9
85264   0    9
85449   0    9
85543   0    9
85641   0    9
85683   0    9
85775   0    9
85877   0    9
85974   0    9
87017   0    9
88063   1    9
88121   0    9
88206   0    9
88291   0    9
88482   0    9
88546   0    9
88603   0    9
88704   0    9
88813   0    9
88922   0    9
89050   0    9
90085   1    9
90135   0    9
90217   0    9
90338   0    9
90469   0    9
90543   0    9
90597   0    9
90754   0    9
90832   0    9
90961   0    9
91019   0    9
92067   0    9
93013   0    9
94072   0    9
95068   0    9
96028   1    9
96127   0    9
96228   0    9
96337   0    9
96357   0    9
96444   0    9
96611   0    9
96660   0    9
96816   0    9
96873   0    9
97010   0    9
98034   0    9
99063   0    9
100082   0    9
101032   0    9
102048   0    9
103072   0    9
104085   0    9
105046   2    9
105106   0    9
105210   0    9
105300   0    9
105478   0    9
105556   0    9
105602   0    9
105740   0    9
105813   0    9
105904   0    9
106049   0    9
107007   0    9
108054   0    9
109030   0    9
110076   1    9
110058   0    9
110206   0    9
110326   0    9
110397   0    9
110452   0    9
110577   0    9
110713   0    9
110819   0    9
110915   0    9
110945   0    9
112030   1    9
112164   0    9
112244   0    9
112327   0    9
112454   0    9
112495   0    9
112631   0    9
112672   0    9
112821   0    9
112903   0    9
113048   0    9
114035   0    9
115015   1    9

