  300   0    1
  600   0    1
 1200   0    1
 2400  10    1
 4800   3    1
 9600   0    1
14400   0    1
19200   0    1
28800   0    1
38400   0    1
56000   0    1
57600   0    1
115200   0    1
256000   0    1
   45  10    1
  138   0    1
  144   0    1
  331   0    1
  428   0    1
  459   0    1
  582   0    1
  704   0    1
  839   0    1
  896  10    1
  955  10    1
 2057  10    1
 3014  10    1
 4081  10    1
 5022  10    1
 5126   0    1
 5238   0    1
 5351   2    1
 5366   0    1
 5509   0    1
 5557   0    1
 5730   0    1
 5757   0    1
 5925   0    1
 6029   0    1
 7011   0    1
 8022   0    1
 9015   0    1
   300   0    2
  600   0    2
 1200   0    2
 2400   0    2
 4800  10    2
 9600  9    2
14400   0    2
19200   0    2
28800   0    2
38400   0    2
56000   0    2
57600   0    2
115200   0    2
256000   0    2
   51   0    2
 1022   0    2
 2072   0    2
 3012  10    2
 4035  10    2
 5009  10    2
 6097  10    2
 7091  10    2
 7129   8    2
 7191  10    2
 7321  10    2
 7402  10    2
 7535  10    2
 7655   4    2
 7722   0    2
 7862   0    2
 7909   0    2
 8011   0    2
 8034   7    2
 8139   0    2
 8215   0    2
 8333   0    2
 8484   0    2
 8522   0    2
 8698   0    2
 8736   0    2
 8867   0    2
 8954   0    2
10086  10    2
10070   8    2
10145   0    2
10284   0    2
10384   0    2
10520   0    2
10572   0    2
10709   0    2
10784   0    2
10943   0    2
11004   0    2
12002   0    2
13027   2    2
13102   2    2
13190   0    2
13317   0    2
13439   0    2
13525   0    2
13567   0    2
13692   0    2
13761   0    2
13866   0    2
13999   0    2
  300   0    3
  600   0    3
 1200   0    3
 2400  10    3
 4800  10    3
 9600  10    3
14400  10    3
19200   0    3
28800   0    3
38400   0    3
56000   0    3
57600   0    3
115200   0    3
256000   0    3
   31   0    3
 1061   0    3
 2069   0    3
 3026   0    3
 4066   0    3
 5064  10    3
 6046  10    3
 7048  10    3
 8030  10    3
 9038  10    3
10057  10    3
10105  10    3
10148  10    3
10290   3    3
10388   0    3
10466   0    3
10525   0    3
10697   0    3
10717   0    3
10862   0    3
10997   0    3
11054  10    3
11143   3    3
11224   0    3
11384   0    3
11452   0    3
11591   0    3
11651   0    3
11811   0    3
11836   0    3
11925   0    3
13008   3    3
13135  10    3
13159  10    3
13345   9    3
13425   0    3
13468   0    3
13559   0    3
13663   0    3
13746   0    3
13867   0    3
14033   0    3
15078  10    3
15026  10    3
15139   2    3
15229   0    3
15343   0    3
15448   0    3
15594   0    3
15696   0    3
15743   0    3
15872   0    3
15938   0    3
17010  10    3
18053  10    3
18167   1    3
18262   0    3
18297   0    3
18416   0    3
18552   0    3
18628   0    3
18760   0    3
18851   0    3
18896   0    3
19060   0    3
  300   0    4
  600   0    4
 1200   0    4
 2400   0    4
 4800   0    4
 9600  10    4
14400   4    4
19200   2    4
28800   3    4
38400   0    4
56000   0    4
57600   0    4
115200   0    4
256000   0    4
   72   0    4
 1036   0    4
 2043   0    4
 3017  10    4
 3129   0    4
 3169   0    4
 3254   0    4
 3428   0    4
 3485   0    4
 3582  10    4
 3682  10    4
 3817  10    4
 3887  10    4
 3995   5    4
 4121   0    4
 4226   0    4
 4268   0    4
 4379   0    4
 4451   0    4
 4588   0    4
 4654   0    4
 4764   0    4
 4926   0    4
 5021   0    4
 6058  10    4
 7023  10    4
 8088  10    4
 9007  10    4
10074  10    4
11094  10    4
12001  10    4
12070  10    4
12167  10    4
12244  10    4
12431  10    4
12516  10    4
12565  10    4
12708  10    4
12779  10    4
12863   8    4
13031  10    4
14025  10    4
15063  10    4
16055  10    4
16021  10    4
16201  10    4
16214   9    4
16373   0    4
16497   0    4
16583   0    4
16702   0    4
16808   0    4
16890   0    4
16999   0    4
17152   7    4
17218   5    4
17326   3    4
17390   0    4
17551   0    4
17634   0    4
17693   0    4
17818   0    4
17900   0    4
18019   0    4
19062  10    4
19147  10    4
19207  10    4
19354  10    4
19397   5    4
19491   0    4
19597   0    4
19732   0    4
19845   0    4
19894   0    4
20081   0    4
21011  10    4
21068  10    4
21129  10    4
21228   0    4
21386   0    4
21463   0    4
21591   0    4
21625   0    4
21804   0    4
21813   0    4
21913   0    4
23077  10    4
23072   2    4
23223   0    4
23325   0    4
23437   0    4
23528   0    4
23591   0    4
23736   0    4
23774   0    4
23911   0    4
23971   0    4
25022   5    4
25089   3    4
25236   0    4
25356   0    4
25380   0    4
25515   0    4
25612   0    4
25684   0    4
25875   0    4
25956   0    4
25996   0    4
27023   0    4
28091   0    4
29100   2    4
29124   0    4
29188   0    4
29276   0    4
29440   0    4
29545   0    4
29585   0    4
29731   0    4
29843   0    4
29926   0    4
30069   0    4
31059   0    4
32086   0    4
33034   0    4
34001   0    4
35021   1    4
35026   0    4
35202   0    4
35241   0    4
35340   0    4
35427   0    4
35596   0    4
35615   0    4
35752   0    4
35818   0    4
35963   0    4
37096   1    4
37109   1    4
37293   0    4
37327   0    4
37474   0    4
37498   0    4
37637   0    4
37776   0    4
37798   0    4
37987   0    4
38057   0    4
  300   0    5
  600   0    5
 1200   0    5
 2400   0    5
 4800  10    5
 9600  10    5
14400  10    5
19200  10    5
38400   2    5
56000   0    5
57600   0    5
115200   0    5
256000   0    5
    5   0    5
 1085   0    5
 2052   0    5
 3025   0    5
 4088  10    5
 4026   0    5
 4204   0    5
 4254   0    5
 4373   0    5
 4502  10    5
 4563  10    5
 4675  10    5
 4781  10    5
 4859  10    5
 4990   5    5
 5159   0    5
 5212   0    5
 5374   0    5
 5481   0    5
 5516   0    5
 5681   0    5
 5714   0    5
 5796   0    5
 5956   0    5
 6016   0    5
 7012   0    5
 8070  10    5
 9092  10    5
10043  10    5
11021  10    5
12066  10    5
13032  10    5
14012  10    5
15045  10    5
16066  10    5
17024  10    5
18049  10    5
19015  10    5
19079  10    5
19247  10    5
19273  10    5
19351  10    5
19497  10    5
19609   4    5
19677   0    5
19792   0    5
19868   0    5
19955   0    5
21074  10    5
21099  10    5
21191   6    5
21316   0    5
21437   0    5
21499   0    5
21581   0    5
21670   0    5
21804   0    5
21920   0    5
22009   0    5
22101   3    5
22197   7    5
22372   7    5
22388   2    5
22481   0    5
22583   0    5
22727   0    5
22813   0    5
22952   0    5
23035   0    5
24049   4    5
24138   5    5
24225   0    5
24331   0    5
24488   0    5
24596   0    5
24626   0    5
24702   0    5
24810   0    5
24930   0    5
25071   0    5
26055  10    5
26105   2    5
26257   0    5
26356   0    5
26416   0    5
26557   0    5
26664   0    5
26719   0    5
26840   0    5
26947   0    5
27032   0    5
28020   0    5
29019   0    5
30024   0    5
31054   1    5
31148   6    5
31229   0    5
31321   0    5
31403   0    5
31510   0    5
31657   0    5
31778   0    5
31809   0    5
31949   0    5
32052   0    5
33040   2    5
33118   0    5
33182   0    5
33332   0    5
33417   0    5
33491   0    5
33598   0    5
33738   0    5
33762   0    5
33903   0    5
34039   0    5
35071   0    5
36037   2    5
36144   1    5
36261   0    5
36299   0    5
36414   0    5
36480   0    5
36654   0    5
36685   0    5
36807   0    5
36928   0    5
37022   0    5
38033   2    5
38052   3    5
38184   0    5
38306   0    5
38359   0    5
38465   0    5
38573   0    5
38718   0    5
38784   0    5
38897   0    5
39009   0    5
40011   0    5
41005   0    5
42014   2    5
42102   0    5
42204   0    5
42230   0    5
42353   0    5
42446   0    5
42551   0    5
42698   0    5
42761   0    5
42920   0    5
42991   0    5
44017   0    5
45080   0    5
46055   0    5
47052   0    5
48049   0    5
49023   1    5
49148   0    5
49242   0    5
49333   0    5
49409   0    5
49535   0    5
49600   0    5
49747   0    5
49796   0    5
49902   0    5
50006   0    5
51098   0    5
52088   0    5
53058   1    5
53099   0    5
53183   0    5
  300   0    6
  600   0    6
 1200   0    6
 2400   0    6
 4800  10    6
 9600  10    6
14400  10    6
19200  10    6
28800   5    6
38400   2    6
56000   0    6
57600   1    6
115200   0    6
256000   0    6
   61   0    6
 1085   0    6
 2052   0    6
 3058   0    6
 4002   0    6
 5032  10    6
 5089  10    6
 5120  10    6
 5248  10    6
 5349  10    6
 5473  10    6
 5518  10    6
 5660  10    6
 5771  10    6
 5899   5    6
 5937   5    6
 6087   0    6
 6198   0    6
 6223   0    6
 6370   0    6
 6499   0    6
 6574   0    6
 6647   0    6
 6728   0    6
 6900   0    6
 6961   0    6
 8047   0    6
 9064  10    6
10001  10    6
11091  10    6
12006  10    6
13077  10    6
14090  10    6
15003  10    6
16075  10    6
17011  10    6
18002  10    6
19092  10    6
20072  10    6
21019  10    6
21142  10    6
21207  10    6
21295  10    6
21454  10    6
21536  10    6
21618  10    6
21770  10    6
21870   7    6
21930  10    6
22006   8    6
23049  10    6
24023  10    6
24100   4    6
24231   0    6
24315   0    6
24469   0    6
24540   0    6
24583   0    6
24746   0    6
24854   0    6
24955   0    6
25031   0    6
26030   5    6
27077  10    6
28069  10    6
29092  10    6
29069  10    6
29161  10    6
29251  10    6
29354   2    6
29492   0    6
29558   0    6
29620   0    6
29711   0    6
29811   0    6
29920   0    6
30092   1    6
30178   0    6
30355   0    6
30436   0    6
30545   0    6
30630   0    6
30704   0    6
30861   0    6
30948   0    6
31006   0    6
32052   2    6
32088   1    6
32227   0    6
32339   0    6
32392   0    6
32501   0    6
32586   0    6
32694   0    6
32846   0    6
32937   0    6
33035   0    6
34042   6    6
34119   6    6
34218   0    6
34358   0    6
34480   0    6
34487   0    6
34589   0    6
34720   0    6
34802   0    6
34882   0    6
35062   0    6
36023   2    6
36116   0    6
36215   0    6
36258   0    6
36345   0    6
36493   0    6
36615   0    6
36677   0    6
36750   0    6
36871   0    6
36936   0    6
38065   0    6
39087   2    6
39123   1    6
39198   0    6
39302   0    6
39386   0    6
39489   0    6
39540   0    6
39693   0    6
39812   0    6
39853   0    6
40035   0    6
41040   3    6
41104   1    6
41110   0    6
41302   0    6
41347   0    6
41447   0    6
41562   0    6
41627   0    6
41808   0    6
41825   0    6
41929   0    6
43027   0    6
44045   0    6
45066   1    6
45074   0    6
45200   0    6
45276   0    6
45379   0    6
45501   0    6
45599   0    6
45729   0    6
45799   0    6
45946   0    6
46010   0    6
47035   0    6
48029   0    6
49021   0    6
50095   0    6
51019   0    6
52036   0    6
53076   2    6
53087   0    6
53146   0    6
53308   0    6
53389   0    6
53499   0    6
53570   0    6
53694   0    6
53766   0    6
53850   0    6
53978   0    6
55035   1    6
55135   0    6
55251   0    6
55313   0    6
55399   0    6
55557   0    6
55646   0    6
55761   0    6
55804   0    6
55931   0    6
56042   0    6
57058   0    6
58072   1    6
58101   0    6
58216   0    6
58367   0    6
58472   0    6
58584   0    6
58657   0    6
58694   0    6
58875   0    6
58955   0    6
59055   0    6
60016   1    6
60038   1    6
60147   0    6
60329   0    6
60403   0    6
60450   0    6
60598   0    6
60635   0    6
60739   0    6
60893   0    6
60987   0    6
62028   0    6
63008   1    6
63132   0    6
63284   0    6
63305   0    6
63420   0    6
63558   0    6
63671   0    6
63723   0    6
63813   0    6
63981   0    6
64026   0    6
65003   2    6
65031   2    6
65126   0    6
65242   0    6
65369   0    6
65417   0    6
  300   0    7
  600   0    7
 1200   0    7
 2400   0    7
 4800   0    7
 9600   0    7
14400  10    7
19200  10    7
28800  10    7
38400   2    7
56000   1    7
57600   0    7
115200   0    7
256000   0    7
   90   0    7
 1019   0    7
 2018   0    7
 3012   0    7
 4075   0    7
 5086   0    7
 6094  10    7
 6134   0    7
 6216   0    7
 6345  10    7
 6449  10    7
 6497  10    7
 6667  10    7
 6721  10    7
 6867   5    7
 6956   5    7
 7054   0    7
 7018   0    7
 7183   0    7
 7275   0    7
 7362   0    7
 7507   0    7
 7526   0    7
 7669   0    7
 7792   0    7
 7818   0    7
 8012   0    7
 9048   0    7
10032   0    7
11087  10    7
12081  10    7
13042  10    7
14067  10    7
15014  10    7
16025  10    7
17064  10    7
18035  10    7
19013  10    7
20086  10    7
21057  10    7
22001  10    7
23039  10    7
24078  10    7
24153  10    7
24240  10    7
24394   9    7
24443   3    7
24599   0    7
24635   0    7
24743   0    7
24820   0    7
24990   0    7
25092   0    7
26084  10    7
27012  10    7
27099  10    7
27231   7    7
27299   5    7
27357   0    7
27484   0    7
27563   0    7
27726   0    7
27816   0    7
27942   0    7
27970   0    7
28025   5    7
28164   1    7
28320   0    7
28408   0    7
28431   0    7
28559   0    7
28665   0    7
28741   0    7
28827   0    7
28984   0    7
30087   6    7
30066   3    7
30143   0    7
30252   0    7
30331   0    7
30441   0    7
30582   0    7
30700   0    7
30720   0    7
30908   0    7
30972   0    7
32019   3    7
32115   1    7
32191   0    7
32294   0    7
32443   0    7
32525   0    7
32638   0    7
32731   0    7
32799   0    7
32888   0    7
33050   0    7
34072  10    7
34161   3    7
34172   0    7
34308   0    7
34446   0    7
34515   0    7
34578   0    7
34699   0    7
34797   0    7
34925   0    7
35000   0    7
36089   1    7
36099   1    7
36203   0    7
36350   0    7
36454   0    7
36520   0    7
36655   0    7
36768   0    7
36833   0    7
36889   0    7
37001   0    7
38075   2    7
38068   2    7
38238   0    7
38267   0    7
38406   0    7
38489   0    7
38567   0    7
38716   0    7
38799   0    7
38957   0    7
38970   0    7
40073   1    7
40097   1    7
40203   0    7
40328   0    7
40449   0    7
40519   0    7
40587   0    7
40755   0    7
40856   0    7
40945   0    7
41060   0    7
42047   1    7
42145   0    7
42207   0    7
42296   0    7
42408   0    7
42516   0    7
42614   0    7
42754   0    7
42857   0    7
42939   0    7
42982   0    7
44032   0    7
45027   0    7
46066   0    7
47039   0    7
48098  10    7
48134   0    7
48189   0    7
48322   0    7
48358   0    7
48472   0    7
48579   0    7
48705   0    7
48754   0    7
48882   0    7
49023   0    7
50003   3    7
50096   0    7
50275   0    7
50352   0    7
50462   0    7
50530   0    7
50640   0    7
50724   0    7
50843   0    7
50917   0    7
50996   0    7
52068   1    7
52097   0    7
52177   0    7
52295   0    7
52388   0    7
52469   0    7
52562   0    7
52706   0    7
52790   0    7
52921   0    7
53013   0    7
54057   0    7
55030   1    7
55048   0    7
55156   0    7
55261   0    7
55366   0    7
55528   0    7
55635   0    7
55708   0    7
55796   0    7
55935   0    7
55945   0    7
57055   1    7
  300   0    8
  600   0    8
 1200   0    8
 2400   0    8
 4800   0    8
 9600   0    8
14400  10    8
19200  10    8
28800   1    8
38400   3    8
56000   0    8
57600   0    8
115200   0    8
256000   0    8
   69   0    8
 1078   0    8
 2026   0    8
 3072   0    8
 4019   0    8
 5094   0    8
 6097  10    8
 7065  10    8
 7079   0    8
 7189  10    8
 7312  10    8
 7387  10    8
 7531  10    8
 7604  10    8
 7728  10    8
 7810  10    8
 7925   5    8
 7965   5    8
 8057   0    8
 8190   0    8
 8253   1    8
 8401   0    8
 8499   0    8
 8630   0    8
 8714   0    8
 8778   0    8
 8904   0    8
 8996   0    8
10047   0    8
11063   0    8
12043  10    8
13024  10    8
14051  10    8
15063  10    8
16074  10    8
17061  10    8
18026  10    8
19064  10    8
20057  10    8
21016  10    8
22089  10    8
23026  10    8
24034  10    8
25089  10    8
26093  10    8
27058  10    8
27178  10    8
27260  10    8
27341   4    8
27445   0    8
27510   0    8
27686   0    8
27792   0    8
27795   0    8
27899   0    8
28070   0    8
29093  10    8
30068  10    8
31087  10    8
31140  10    8
31152  10    8
31250   8    8
31442   0    8
31525   0    8
31584   0    8
31743   0    8
31839   0    8
31893   0    8
31972   0    8
33045  10    8
33046  10    8
33163   6    8
33287   0    8
33340   0    8
33462   0    8
33598   0    8
33698   0    8
33768   0    8
33844   0    8
33981   0    8
35014  10    8
35154  10    8
35188  10    8
35337   3    8
35447   1    8
35525   0    8
35604   0    8
35663   0    8
35811   0    8
35906   0    8
36033   0    8
37036  10    8
37163   8    8
37199   0    8
37383   0    8
37445   0    8
37549   0    8
37682   0    8
37776   0    8
37879   0    8
37911   0    8
38013   0    8
39051   2    8
39148   3    8
39215   1    8
39358   0    8
39426   0    8
39547   0    8
39608   0    8
39683   0    8
39786   0    8
39962   0    8
40002   0    8
41096   1    8
42071  10    8
42026  10    8
42145   1    8
42239   0    8
42396   4    8
42419   2    8
42580   0    8
42678   0    8
42798   0    8
42854   0    8
42957   0    8
43129   0    8
43219   0    8
43281   0    8
43425   0    8
43464   0    8
43595   0    8
43713   0    8
43818   0    8
43863   0    8
43941   0    8
45040   0    8
46060   0    8
47063   3    8
47082   1    8
47172   0    8
47312   0    8
47334   0    8
47469   0    8
47602   0    8
47645   0    8
47764   0    8
47891   0    8
47954   0    8
49094   0    8
50041  10    8
50072   4    8
50196   0    8
50370   0    8
50417   0    8
50514   0    8
50637   0    8
50685   0    8
50802   0    8
50897   0    8
51004   0    8
52056   0    8
53002   0    8
54037   3    8
54030   0    8
54147   0    8
54232   0    8
54373   0    8
54506   0    8
54580   0    8
54668   0    8
54774   0    8
54896   0    8
54998   0    8

  300   0    9
  600   0    9
 1200   0    9
 2400   0    9
 4800   0    9
 9600   0    9
14400  10    9
19200  10    9
28800  10    9
38400   3    9
56000   4    9
57600   1    9
115200   0    9
256000   0    9
    9   0    9
 1006   0    9
 2067   0    9
 3064   0    9
 4026   0    9
 5033   0    9
 6026   0    9
 7017  10    9
 8025  10    9
 8149  10    9
 8181  10    9
 8324  10    9
 8437  10    9
 8493  10    9
 8656  10    9
 8709  10    9
 8808   5    9
 8895   5    9
 9016   1    9
 9095   0    9
 9196   0    9
 9268   0    9
 9362   1    9
 9454   0    9
 9572   0    9
 9695   0    9
 9821   0    9
 9904   0    9
 9930   0    9
11002   0    9
12030   0    9
13005   0    9
14012  10    9
15069  10    9
16053  10    9
17065  10    9
18082  10    9
19036  10    9
20023  10    9
21046  10    9
22060  10    9
23004  10    9
24005  10    9
25028  10    9
26086  10    9
27046  10    9
28032  10    9
29073  10    9
30035  10    9
31090  10    9
32015  10    9
33003  10    9
34033  10    9
34133  10    9
34174  10    9
34319   7    9
34393   0    9
34493   0    9
34584   0    9
34737   0    9
34767   0    9
34923   0    9
34972   0    9
36010  10    9
37054  10    9
38034  10    9
38132  10    9
38181   7    9
38277   0    9
38418   0    9
38487   0    9
38654   0    9
38743   0    9
38807   0    9
38906   0    9
39057   0    9
39153  10    9
39189  10    9
39259  10    9
39411  10    9
39555  10    9
39635   4    9
39662   3    9
39855   4    9
39947   3    9
40024   0    9
41079  10    9
42037  10    9
43071  10    9
43131  10    9
43169   1    9
43337   0    9
43367   0    9
43540   0    9
43630   0    9
43688   0    9
43785   0    9
43895   0    9
44015   0    9
45026  10    9
45073   0    9
45170   0    9
45223   0    9
45374   0    9
45447   0    9
45536   0    9
45657   0    9
45780   0    9
45825   0    9
45931   0    9
47060   1    9
47029  10    9
47193   1    9
47293   0    9
47330   0    9
47522   0    9
47612   0    9
47704   0    9
47736   0    9
47849   0    9
47978   0    9
48063   0    9
48203   0    9
48338   0    9
48373   0    9
48482   0    9
48637   0    9
48753   0    9
48790   0    9
48957   0    9
48989   0    9
50034   0    9
51007   1    9
51143   7    9
51265   0    9
51362   0    9
51386   0    9
51544   0    9
51610   0    9
51726   0    9
51831   0    9
51899   0    9
52023   0    9
53030   4    9
53067   5    9
53176   0    9
53299   0    9
53398   0    9
53480   0    9
53565   0    9
53732   0    9
53809   0    9
53925   0    9
54022   0    9
55093   2    9
55152   0    9
55192   0    9
55328   0    9
55456   0    9
55503   0    9
55588   0    9
55748   0    9
55783   0    9
55884   0    9
56012   0    9
57073   0    9
58055   6    9
58066   0    9
58197   0    9
58228   0    9
58372   0    9
58480   0    9
58610   0    9
58686   0    9
58799   0    9
58888   0    9
58916   0    9
60065   0    9
61015   0    9
62037   0    9
63077   1    9
63147   0    9
63211   0    9
63341   0    9
63419   0    9
63509   0    9
63591   0    9
63656   0    9
63768   0    9
63872   0    9
63995   0    9
65047   7    9
65154   0    9
65220   0    9
65291   0    9
65377   0    9
65518   0    9
65590   0    9
65698   0    9
65851   0    9
65878   0    9
66039   0    9
67091   0    9
68007   1    9
68143   0    9
68178   0    9
68260   0    9
68424   0    9
68554   0    9
68642   0    9
68661   0    9
68832   0    9
68923   0    9
69045   0    9
70084   0    9
71015   0    9
72012   0    9
73030   2    9
73140   0    9
73222   0    9
73335   0    9
73404   0    9
73530   0    9
73612   0    9
73703   0    9
73806   0    9
73903   0    9
74075   0    9
75009   0    9
76001   0    9
77045   0    9
78003   0    9
79034   0    9
80065   1    9
80059   0    9
80155   0    9
80339   0    9
80434   0    9
80539   0    9
80597   0    9
80704   0    9
80770   0    9
80940   0    9
80949   0    9
82032   0    9
83072   0    9
84067   0    9
85036   1    9
85113   0    9
85186   0    9
85264   0    9
85449   0    9
85543   0    9
85641   0    9
85683   0    9
85775   0    9
85877   0    9
85974   0    9
87017   0    9
88063   1    9
88121   0    9
88206   0    9
88291   0    9
88482   0    9
88546   0    9
88603   0    9
88704   0    9
88813   0    9
88922   0    9
89050   0    9
90085   1    9
90135   0    9
90217   0    9
90338   0    9
90469   0    9
90543   0    9
90597   0    9
90754   0    9
90832   0    9
90961   0    9
91019   0    9
92067   0    9
93013   0    9
94072   0    9
95068   0    9
96028   1    9
96127   0    9
96228   0    9
96337   0    9
96357   0    9
96444   0    9
96611   0    9
96660   0    9
96816   0    9
96873   0    9
97010   0    9
98034   0    9
99063   0    9
100082   0    9
101032   0    9
102048   0    9
103072   0    9
104085   0    9
105046   2    9
105106   0    9
105210   0    9
105300   0    9
105478   0    9
105556   0    9
105602   0    9
105740   0    9
105813   0    9
105904   0    9
106049   0    9
107007   0    9
108054   0    9
109030   0    9
110076   1    9
110058   0    9
110206   0    9
110326   0    9
110397   0    9
110452   0    9
110577   0    9
110713   0    9
110819   0    9
110915   0    9
110945   0    9
112030   1    9
112164   0    9
112244   0    9
112327   0    9
112454   0    9
112495   0    9
112631   0    9
112672   0    9
112821   0    9
112903   0    9
113048   0    9
114035   0    9
115015   1    9
  300   0    10
  600   0    10
 1200   0    10
 2400   0    10
 4800   0    10
 9600  10    10
14400   0    10
19200  10    10
28800  10    10
38400  10    10
56000   0    10
57600   1    10
115200   0    10
256000   0    10
   19   0    10
 1016   0    10
 2074   0    10
 3038   0    10
 4083   0    10
 5018   0    10
 6020   0    10
 7038   0    10
 8030  10    10
 9076  10    10
 9061  10    10
 9206  10    10
 9231  10    10
 9393  10    10
 9442  10    10
 9559  10    10
 9688  10    10
 9809   5    10
 9828   5    10
 9958   5    10
10046   0    10
10232   0    10
10319   0    10
10427   0    10
10510   0    10
10621   0    10
10653   0    10
10785   0    10
10901   0    10
11032   0    10
12100   0    10
13072   0    10
14019   0    10
15021  10    10
16075  10    10
17040  10    10
18015  10    10
19054  10    10
20032  10    10
21064  10    10
22041  10    10
23066  10    10
24019  10    10
25097  10    10
26049  10    10
27012  10    10
28091  10    10
29014  10    10
30010  10    10
31016  10    10
32048  10    10
33036  10    10
33072  10    10
33215   9    10
33317  10    10
33362  10    10
33515  10    10
33599  10    10
33663  10    10
33814  10    10
33942  10    10
33989  10    10
35007  10    10
36069  10    10
37033  10    10
37064   4    10
37224   0    10
37291   0    10
37426   0    10
37514   0    10
37570   0    10
37661   0    10
37839   0    10
37873   0    10
38043   0    10
39054   7    10
40001  10    10
40109  10    10
40213  10    10
40314   3    10
40387   0    10
40505   0    10
40643   0    10
40771   0    10
40838   0    10
40925   0    10
41049   0    10
42036  10    10
42080   5    10
42149   0    10
42295   0    10
42346   0    10
42466   0    10
42544   0    10
42670   0    10
42786   0    10
42905   0    10
42979   0    10
44025   7    10
44125   5    10
44234   4    10
44294   1    10
44397   0    10
44510   0    10
44621   0    10
44720   0    10
44765   0    10
44862   0    10
44946   0    10
46018  10    10
46115   0    10
46253   0    10
46306   0    10
46449   0    10
46480   0    10
46571   0    10
46740   0    10
46793   0    10
46914   0    10
47054   0    10
48013   1    10
48159   3    10
48248   0    10
48323   0    10
48387   0    10
48559   0    10
48636   0    10
48732   0    10
48781   0    10
48884   0    10
49030   0    10
50003  10    10
50041  10    10
50113  10    10
50216  10    10
50311  10    10
50411  10    10
50550   9    10
50606   0    10
50756   0    10
50890   0    10
50972   0    10
51137   0    10
51235   0    10
51304   0    10
51360   0    10
51500   0    10
51596   0    10
51688   0    10
51839   0    10
51957   0    10
51984   0    10
53006   0    10
54024   0    10
55073   0    10
56085   0    10
57018   3    10
57043   6    10
57147   0    10
57312   0    10
57315   0    10
57466   0    10
57593   0    10
57672   0    10
57798   0    10
57872   0    10
57978   0    10
59042   1    10
59127   0    10
59149   0    10
59335   0    10
59370   0    10
59494   0    10
59623   0    10
59713   0    10
59761   0    10
59853   0    10
59955   0    10
61051   4    10
61126   0    10
61183   0    10
61252   0    10
61358   0    10
61485   0    10
61597   0    10
61711   0    10
61818   0    10
61857   0    10
62006   0    10
63029   0    10
64019   0    10
65077   1    10
65112   0    10
65246   0    10
65299   0    10
65368   0    10
65517   0    10
65550   0    10
65738   0    10
65825   0    10
65914   0    10
66009   0    10
67080   0    10
68034   2    10
68097   0    10
68214   0    10
68303   0    10
68409   0    10
68579   0    10
68643   0    10
68707   0    10
68822   0    10
68957   0    10
69019   0    10
70016   0    10
71026   2    10
71179   0    10
71285   0    10
71333   0    10
71411   0    10
71560   0    10
71599   0    10
71716   0    10
71853   0    10
71976   0    10
72002   0    10
73086   0    10
74066   0    10
75096   0    10
76036   5    10
76022   0    10
76170   0    10
76278   0    10
76348   0    10
76479   0    10
76537   0    10
76647   0    10
76789   0    10
76888   0    10
76932   0    10
78086   0    10
79095   0    10
80075   0    10
81080   1    10
81038   0    10
81125   0    10
81232   0    10
81388   0    10
81431   0    10
81617   0    10
81647   0    10
81732   0    10
81866   0    10
81930   0    10
83060   0    10
84045   0    10
85025   0    10
86058   0    10
87017   0    10
88078   0    10
89030   0    10
90082   0    10
91011   0    10
92001   1    10
92137   0    10
92237   0    10
92319   0    10
92453   0    10
92517   0    10
92640   0    10
92744   0    10
92835   0    10
92900   0    10
93047   0    10
94007   0    10
95079   0    10
96024   0    10
97075   0    10
98019   0    10
99100   0    10
100033   1    10
100183   1    10
100236   0    10
100324   0    10
100440   0    10
100555   0    10
100626   0    10
100785   0    10
100814   0    10
100972   0    10
101049   0    10
102028   0    10
103001   0    10
104067   0    10
105074   0    10
106018   1    10
106066   0    10
106196   0    10
106277   0    10
106338   0    10
106491   0    10
106571   0    10
106718   0    10
106801   0    10
106824   0    10
106993   0    10
108091   1    10
108184   0    10
108268   0    10
108359   0    10
108490   0    10
108510   0    10
108682   0    10
108697   0    10
  300   0    11
  600   0    11
 1200   0    11
 2400   0    11
 4800   0    11
 9600  10    11
14400   0    11
19200  10    11
28800  10    11
38400   3    11
56000   1    11
57600  5    11
115200   0    11
256000   0    11
   92   0    11
 1068   0    11
 2043   0    11
 3099   0    11
 4018   0    11
 5067   0    11
 6008   0    11
 7072   0    11
 8055   3    11
 9088  10    11
10067  10    11
10113  10    11
10142  10    11
10243  10    11
10428  10    11
10487  10    11
10607  10    11
10635  10    11
10769  10    11
10879   5    11
11013   1    11
11142   0    11
11209   0    11
11327   0    11
11456   0    11
11547   0    11
11648   0    11
11782   0    11
11886   0    11
11927   0    11
12025   0    11
13092   0    11
14094   0    11
15026   0    11
16029   0    11
17062  10    11
18077  10    11
19018  10    11
20048  10    11
21088  10    11
22038  10    11
23013  10    11
24046  10    11
25060  10    11
26095  10    11
27096  10    11
28095  10    11
29052  10    11
30072  10    11
31090  10    11
32035  10    11
33042  10    11
34047  10    11
35012  10    11
36100  10    11
37004  10    11
38038  10    11
39056  10    11
40099  10    11
40114  10    11
40199  10    11
40310  10    11
40429   9    11
40503   3    11
40646   6    11
40759   5    11
40818   0    11
40970   0    11
40997   0    11
42025  10    11
42147  10    11
42269  10    11
42331  10    11
42433  10    11
42525  10    11
42611  10    11
42704  10    11
42871   9    11
42927   3    11
43022   0    11
43094   2    11
43177   0    11
43266   0    11
43413   0    11
43482   0    11
43588   0    11
43743   0    11
43817   0    11
43876   0    11
43956   0    11
45058   4    11
45017   3    11
45201   0    11
45263   0    11
45329   0    11
45432   0    11
45569   0    11
45702   0    11
45802   0    11
45836   0    11
45929   0    11
47048   6    11
47095   0    11
47231   0    11
47262   0    11
47394   0    11
47499   0    11
47609   0    11
47722   0    11
47813   0    11
47846   0    11
47975   0    11
49087   9    11
49164   0    11
49233   0    11
49303   0    11
49471   0    11
49560   0    11
49675   0    11
49726   0    11
49862   0    11
49942   0    11
50086   0    11
51039  10    11
51057  10    11
51215  10    11
51232   5    11
51370   0    11
51436   0    11
51584   0    11
51651   0    11
51799   0    11
51868   0    11
51984   0    11
52017   0    11
52143   0    11
52270   0    11
52348   0    11
52455   0    11
52606   0    11
52662   0    11
52737   0    11
52839   0    11
52947   0    11
54071   0    11
55078   1    11
55030   0    11
55167   0    11
55271   0    11
55343   0    11
55503   0    11
55614   0    11
55621   0    11
55806   0    11
55845   0    11
55974   0    11
57076   3    11
57153  10    11
57201   6    11
57337   0    11
57446   0    11
57512   0    11
57670   0    11
57759   0    11
57829   0    11
57976   0    11
58092   0    11
58066   0    11
58227   0    11
58351   0    11
58385   0    11
58484   0    11
58623   0    11
58691   0    11
58779   0    11
58896   0    11
59028   0    11
60018   0    11
61089   2    11
61030   0    11
61153   0    11
61217   0    11
61403   0    11
61490   0    11
61536   0    11
61634   0    11
61805   0    11
61908   0    11
61937   0    11
63051   0    11
64019   0    11
65029   6    11
65065   0    11
65141   0    11
65305   0    11
65356   0    11
65482   0    11
65542   0    11
65614   0    11
65723   0    11
65889   0    11
65930   0    11
67100   0    11
68008   0    11
69092   2    11
69105   0    11
69150   0    11
69303   0    11
69345   0    11
69433   0    11
69540   0    11
69672   0    11
69739   0    11
69878   0    11
69995   0    11
71078   0    11
72100   7    11
72191  10    11
72262   0    11
72365   0    11
72451   0    11
72576   0    11
72639   0    11
72747   0    11
72871   0    11
72994   0    11
73002   0    11
73143   0    11
73275   0    11
73341   0    11
73432   0    11
73553   0    11
73618   0    11
73733   0    11
73854   0    11
73922   0    11
74073   0    11
75010   1    11
75151   0    11
75201   0    11
75363   0    11
75446   0    11
75495   0    11
75660   0    11
75783   0    11
75804   0    11
75906   0    11
76010   0    11
77039   0    11
78082   1    11
78110   0    11
78271   0    11
78313   0    11
78404   0    11
78511   0    11
78609   0    11
78713   0    11
78855   0    11
78977   0    11
79064   0    11
80064   6    11
80022   7    11
80153   0    11
80240   0    11
80386   0    11
80450   0    11
80552   0    11
80641   0    11
80775   0    11
80881   0    11
80979   0    11
82043   0    11
83099   1    11
83129   0    11
83272   0    11
83344   0    11
83468   0    11
83506   0    11
83644   0    11
83781   0    11
83828   0    11
83920   0    11
84082   0    11
85006   0    11
86018   0    11
87034   0    11
88021   1    11
88085   0    11
88207   0    11
88271   0    11
88425   0    11
88458   0    11
88579   0    11
88707   0    11
88731   0    11
88893   0    11
88988   0    11
90039   4    11
90052   1    11
90149   0    11
90312   0    11
90406   0    11
90513   0    11
90543   0    11
90671   0    11
90804   0    11
90856   0    11
90981   0    11
92041   0    11
93009   0    11
94008   0    11
95070   0    11
96097   0    11
97081   0    11
98066   0    11
99001   0    11
100092   0    11
101055   0    11
102040   0    11
103008   1    11
103091   0    11
103183   0    11
103310   0    11
103339   0    11
103510   0    11
103591   0    11
103713   0    11
103806   0    11
103826   0    11
103982   0    11
105090   0    11
106006   0    11
107037   1    11
107007   0    11
107117   0    11
107269   0    11
107382   0    11
107461   0    11
107587   0    11
107668   0    11
107747   0    11
107828   0    11
107938   0    11
109018   0    11
110055   0    11
111040   0    11
112031   0    11
113048   0    11
114004   0    11
115095   0    11
  300   0    12
  600   0    12
 1200   0    12
 2400   0    12
 4800   0    12
 9600  10    12
14400   0    12
19200  10    12
28800  10    12
38400  10    12
56000   4    12
57600  9    12
115200   0    12
256000   0    12
   24   0    12
 1081   0    12
 2034   0    12
 3066   0    12
 4004   0    12
 5011   0    12
 6030   0    12
 7037   0    12
 8051   0    12
 9068  10    12
10096  10    12
11092  10    12
11030  10    12
11190  10    12
11207  10    12
11347  10    12
11411  10    12
11577  10    12
11670  10    12
11768  10    12
11832   5    12
11910   5    12
12135   0    12
12173   0    12
12311   0    12
12417   0    12
12481   0    12
12650   0    12
12749   0    12
12843   0    12
12870   0    12
13060   0    12
14032   0    12
15034   0    12
16054   0    12
17002   0    12
18054  10    12
19100  10    12
20016  10    12
21033  10    12
22095  10    12
23047  10    12
24021  10    12
25074  10    12
26025  10    12
27061  10    12
28003  10    12
29066  10    12
30045  10    12
31056  10    12
32098  10    12
33059  10    12
34033  10    12
35071  10    12
36076  10    12
37029  10    12
38070  10    12
39011  10    12
40036  10    12
40089  10    12
40152  10    12
40289  10    12
40412  10    12
40454  10    12
40549  10    12
40700   5    12
40815   8    12
40858   1    12
40941   6    12
42039  10    12
43014  10    12
43088  10    12
43206  10    12
43278  10    12
43425  10    12
43557  10    12
43630  10    12
43708  10    12
43780  10    12
43895  10    12
43968  10    12
45078  10    12
46092  10    12
47076  10    12
48071  10    12
49054  10    12
50093  10    12
50100  10    12
50213   7    12
50294   0    12
50415   0    12
50513   0    12
50653   0    12
50726   0    12
50773   0    12
50876   0    12
51009   0    12
52008  10    12
52028  10    12
52192  10    12
52219  10    12
52322  10    12
52478  10    12
52572  10    12
52616  10    12
52737  10    12
52842  10    12
52923   1    12
53084   0    12
53212   0    12
53275   0    12
53420   0    12
53508   0    12
53619   0    12
53744   0    12
53787   0    12
53948   0    12
53976   0    12
55049   2    12
55136   0    12
55188   0    12
55381   0    12
55439   0    12
55568   0    12
55639   0    12
55737   0    12
55861   0    12
55891   0    12
56017   0    12
57055   1    12
58039  10    12
58078  10    12
58220  10    12
58304  10    12
58358  10    12
58445  10    12
58585   3    12
58703   2    12
58755   0    12
58851   1    12
58926   3    12
59049   0    12
59193   0    12
59262   0    12
59400   0    12
59515   0    12
59594   0    12
59655   0    12
59798   0    12
59904   0    12
59965   0    12
61033   4    12
61072   0    12
61126   0    12
61275   0    12
61367   0    12
61421   0    12
61512   0    12
61677   0    12
61738   0    12
61870   0    12
61985   0    12
63033   7    12
63063   6    12
63220   0    12
63321   0    12
63363   0    12
63496   0    12
63600   0    12
63662   0    12
63796   0    12
63883   0    12
64047   0    12
65046   3    12
65072   6    12
65263   0    12
65287   0    12
65419   0    12
65523   0    12
65596   0    12
65719   0    12
65806   0    12
65899   0    12
66064   0    12
67083   4    12
67019   0    12
67147   0    12
67265   0    12
67390   0    12
67456   0    12
67603   0    12
67621   0    12
67785   0    12
67830   0    12
67944   0    12
69019   2    12
69085   0    12
69242   4    12
69377   0    12
69444   0    12
69503   0    12
69665   0    12
69755   0    12
69838   0    12
69896   0    12
70052   0    12
71059   2    12
71137  10    12
71229  10    12
71283  10    12
71454  10    12
71562  10    12
71616  10    12
71671  10    12
71798  10    12
71887   0    12
72034   0    12
72161   0    12
72234   0    12
72377   0    12
72431   0    12
72589   0    12
72677   0    12
72739   0    12
72884   0    12
72932   0    12
73084   0    12
74092   1    12
75063  10    12
75044  10    12
75157   1    12
75276   0    12
75358   0    12
75473   0    12
75557   0    12
75674   0    12
75722   0    12
75824   0    12
75921   0    12
76083   0    12
76150   0    12
76257   0    12
76404   0    12
76455   0    12
76579   0    12
76680   0    12
76833   0    12
76895   0    12
77021   0    12
78064   0    12
79067   2    12
79086   6    12
79192   0    12
79251   0    12
79343   0    12
79472   0    12
79626   0    12
79687   0    12
79783   0    12
79930   0    12
79963   0    12
81041   0    12
82087   1    12
82173   3    12
82286   0    12
82341   0    12
82402   0    12
82579   0    12
82679   0    12
82777   0    12
82886   0    12
82925   0    12
83000   0    12
84001   1    12
84082   0    12
84196   0    12
84343   0    12
84400   0    12
84515   0    12
84592   0    12
84709   0    12
84865   0    12
84916   0    12
85014   0    12
86097   0    12
87091   0    12
88033   0    12
89059   0    12
90085   0    12
91059   0    12
92090   0    12
93032   0    12
94062   0    12
95041   0    12
96048   0    12
97028   1    12
97123   0    12
97222   0    12
97301   0    12
97445   0    12
97488   0    12
97654   0    12
97708   0    12
97790   0    12
97876   0    12
98043   0    12
99026   0    12
100031   0    12
101009   1    12
101061   0    12
101196   0    12
101293   0    12
101396   0    12
101502   0    12
101563   0    12
101626   0    12
101739   0    12
101905   0    12
102005   0    12
103051   0    12
104029   1    12
104129   0    12
104248   0    12
104315   0    12
104356   0    12
104463   0    12
104577   0    12
104716   0    12
104852   0    12
104945   0    12
105046   0    12
106052   0    12
107012   0    12
108001   0    12
109067   2    12
109065   0    12
109171   0    12
109296   0    12
109371   0    12
109441   0    12
109579   0    12
109661   0    12
109776   0    12
109853   0    12
110025   0    12
111095   0    12
112014   0    12
113004   0    12
114096   0    12
115040   0    12

