  300   0    1
  600   0    1
 1200   0    1
 2400  20    1
 4800   5    1
 9600   0    1
14400   0    1
19200   0    1
28800   0    1
38400   0    1
56000   0    1
57600   0    1
115200   0    1
256000   0    1
   45  10    1
  138   0    1
  144   0    1
  331   0    1
  428   0    1
  459   0    1
  582   0    1
  704   0    1
  839   0    1
  896  10    1
  955  10    1
 2057  10    1
 3014  10    1
 4081  10    1
 5022  10    1
 5126   0    1
 5238   0    1
 5351   2    1
 5366   0    1
 5509   0    1
 5557   0    1
 5730   0    1
 5757   0    1
 5925   0    1
 6029   0    1
 7011   0    1
 8022   0    1
 9015   0    1
   300   0    2
  600   0    2
 1200   0    2
 2400   0    2
 4800  20    2
 9600  19    2
14400   0    2
19200   0    2
28800   0    2
38400   0    2
56000   0    2
57600   0    2
115200   0    2
256000   0    2
   51   0    2
 1022   0    2
 2072   0    2
 3012  10    2
 4035  10    2
 5009  10    2
 6097  10    2
 7091  10    2
 7129   8    2
 7191  10    2
 7321  10    2
 7402  10    2
 7535  10    2
 7655   4    2
 7722   0    2
 7862   0    2
 7909   0    2
 8011   0    2
 8034   7    2
 8139   0    2
 8215   0    2
 8333   0    2
 8484   0    2
 8522   0    2
 8698   0    2
 8736   0    2
 8867   0    2
 8954   0    2
10086  10    2
10070   8    2
10145   0    2
10284   0    2
10384   0    2
10520   0    2
10572   0    2
10709   0    2
10784   0    2
10943   0    2
11004   0    2
12002   0    2
13027   2    2
13102   2    2
13190   0    2
13317   0    2
13439   0    2
13525   0    2
13567   0    2
13692   0    2
13761   0    2
13866   0    2
13999   0    2
  300   0    3
  600   0    3
 1200   0    3
 2400  20    3
 4800  20    3
 9600  20    3
14400  20    3
19200   0    3
28800   0    3
38400   0    3
56000   0    3
57600   0    3
115200   0    3
256000   0    3
   31   0    3
 1061   0    3
 2069   0    3
 3026   0    3
 4066   0    3
 5064  10    3
 6046  10    3
 7048  10    3
 8030  10    3
 9038  10    3
10057  10    3
10105  10    3
10148  10    3
10290   3    3
10388   0    3
10466   0    3
10525   0    3
10697   0    3
10717   0    3
10862   0    3
10997   0    3
11054  10    3
11143   3    3
11224   0    3
11384   0    3
11452   0    3
11591   0    3
11651   0    3
11811   0    3
11836   0    3
11925   0    3
13008   3    3
13135  10    3
13159  10    3
13345   9    3
13425   0    3
13468   0    3
13559   0    3
13663   0    3
13746   0    3
13867   0    3
14033   0    3
15078  10    3
15026  10    3
15139   2    3
15229   0    3
15343   0    3
15448   0    3
15594   0    3
15696   0    3
15743   0    3
15872   0    3
15938   0    3
17010  10    3
18053  10    3
18167   1    3
18262   0    3
18297   0    3
18416   0    3
18552   0    3
18628   0    3
18760   0    3
18851   0    3
18896   0    3
19060   0    3
  300   0    4
  600   0    4
 1200   0    4
 2400   0    4
 4800   0    4
 9600  20    4
14400   8    4
19200   3    4
28800   6    4
38400   0    4
56000   0    4
57600   0    4
115200   0    4
256000   0    4
   72   0    4
 1036   0    4
 2043   0    4
 3017  10    4
 3129   0    4
 3169   0    4
 3254   0    4
 3428   0    4
 3485   0    4
 3582  10    4
 3682  10    4
 3817  10    4
 3887  10    4
 3995   5    4
 4121   0    4
 4226   0    4
 4268   0    4
 4379   0    4
 4451   0    4
 4588   0    4
 4654   0    4
 4764   0    4
 4926   0    4
 5021   0    4
 6058  10    4
 7023  10    4
 8088  10    4
 9007  10    4
10074  10    4
11094  10    4
12001  10    4
12070  10    4
12167  10    4
12244  10    4
12431  10    4
12516  10    4
12565  10    4
12708  10    4
12779  10    4
12863   8    4
13031  10    4
14025  10    4
15063  10    4
16055  10    4
16021  10    4
16201  10    4
16214   9    4
16373   0    4
16497   0    4
16583   0    4
16702   0    4
16808   0    4
16890   0    4
16999   0    4
17152   7    4
17218   5    4
17326   3    4
17390   0    4
17551   0    4
17634   0    4
17693   0    4
17818   0    4
17900   0    4
18019   0    4
19062  10    4
19147  10    4
19207  10    4
19354  10    4
19397   5    4
19491   0    4
19597   0    4
19732   0    4
19845   0    4
19894   0    4
20081   0    4
21011  10    4
21068  10    4
21129  10    4
21228   0    4
21386   0    4
21463   0    4
21591   0    4
21625   0    4
21804   0    4
21813   0    4
21913   0    4
23077  10    4
23072   2    4
23223   0    4
23325   0    4
23437   0    4
23528   0    4
23591   0    4
23736   0    4
23774   0    4
23911   0    4
23971   0    4
25022   5    4
25089   3    4
25236   0    4
25356   0    4
25380   0    4
25515   0    4
25612   0    4
25684   0    4
25875   0    4
25956   0    4
25996   0    4
27023   0    4
28091   0    4
29100   2    4
29124   0    4
29188   0    4
29276   0    4
29440   0    4
29545   0    4
29585   0    4
29731   0    4
29843   0    4
29926   0    4
30069   0    4
31059   0    4
32086   0    4
33034   0    4
34001   0    4
35021   1    4
35026   0    4
35202   0    4
35241   0    4
35340   0    4
35427   0    4
35596   0    4
35615   0    4
35752   0    4
35818   0    4
35963   0    4
37096   1    4
37109   1    4
37293   0    4
37327   0    4
37474   0    4
37498   0    4
37637   0    4
37776   0    4
37798   0    4
37987   0    4
38057   0    4
  300   0    5
  600   0    5
 1200   0    5
 2400   0    5
 4800  20    5
 9600  20    5
14400  20    5
19200  20    5
38400   4    5
56000   0    5
57600   0    5
115200   0    5
256000   0    5
    5   0    5
 1085   0    5
 2052   0    5
 3025   0    5
 4088  10    5
 4026   0    5
 4204   0    5
 4254   0    5
 4373   0    5
 4502  10    5
 4563  10    5
 4675  10    5
 4781  10    5
 4859  10    5
 4990   5    5
 5159   0    5
 5212   0    5
 5374   0    5
 5481   0    5
 5516   0    5
 5681   0    5
 5714   0    5
 5796   0    5
 5956   0    5
 6016   0    5
 7012   0    5
 8070  10    5
 9092  10    5
10043  10    5
11021  10    5
12066  10    5
13032  10    5
14012  10    5
15045  10    5
16066  10    5
17024  10    5
18049  10    5
19015  10    5
19079  10    5
19247  10    5
19273  10    5
19351  10    5
19497  10    5
19609   4    5
19677   0    5
19792   0    5
19868   0    5
19955   0    5
21074  10    5
21099  10    5
21191   6    5
21316   0    5
21437   0    5
21499   0    5
21581   0    5
21670   0    5
21804   0    5
21920   0    5
22009   0    5
22101   3    5
22197   7    5
22372   7    5
22388   2    5
22481   0    5
22583   0    5
22727   0    5
22813   0    5
22952   0    5
23035   0    5
24049   4    5
24138   5    5
24225   0    5
24331   0    5
24488   0    5
24596   0    5
24626   0    5
24702   0    5
24810   0    5
24930   0    5
25071   0    5
26055  10    5
26105   2    5
26257   0    5
26356   0    5
26416   0    5
26557   0    5
26664   0    5
26719   0    5
26840   0    5
26947   0    5
27032   0    5
28020   0    5
29019   0    5
30024   0    5
31054   1    5
31148   6    5
31229   0    5
31321   0    5
31403   0    5
31510   0    5
31657   0    5
31778   0    5
31809   0    5
31949   0    5
32052   0    5
33040   2    5
33118   0    5
33182   0    5
33332   0    5
33417   0    5
33491   0    5
33598   0    5
33738   0    5
33762   0    5
33903   0    5
34039   0    5
35071   0    5
36037   2    5
36144   1    5
36261   0    5
36299   0    5
36414   0    5
36480   0    5
36654   0    5
36685   0    5
36807   0    5
36928   0    5
37022   0    5
38033   2    5
38052   3    5
38184   0    5
38306   0    5
38359   0    5
38465   0    5
38573   0    5
38718   0    5
38784   0    5
38897   0    5
39009   0    5
40011   0    5
41005   0    5
42014   2    5
42102   0    5
42204   0    5
42230   0    5
42353   0    5
42446   0    5
42551   0    5
42698   0    5
42761   0    5
42920   0    5
42991   0    5
44017   0    5
45080   0    5
46055   0    5
47052   0    5
48049   0    5
49023   1    5
49148   0    5
49242   0    5
49333   0    5
49409   0    5
49535   0    5
49600   0    5
49747   0    5
49796   0    5
49902   0    5
50006   0    5
51098   0    5
52088   0    5
53058   1    5
53099   0    5
53183   0    5
  300   0    6
  600   0    6
 1200   0    6
 2400   0    6
 4800  20    6
 9600  20    6
14400  20    6
19200  20    6
28800   9    6
38400   4    6
56000   0    6
57600   1    6
115200   0    6
256000   0    6
   61   0    6
 1085   0    6
 2052   0    6
 3058   0    6
 4002   0    6
 5032  10    6
 5089  10    6
 5120  10    6
 5248  10    6
 5349  10    6
 5473  10    6
 5518  10    6
 5660  10    6
 5771  10    6
 5899   5    6
 5937   5    6
 6087   0    6
 6198   0    6
 6223   0    6
 6370   0    6
 6499   0    6
 6574   0    6
 6647   0    6
 6728   0    6
 6900   0    6
 6961   0    6
 8047   0    6
 9064  10    6
10001  10    6
11091  10    6
12006  10    6
13077  10    6
14090  10    6
15003  10    6
16075  10    6
17011  10    6
18002  10    6
19092  10    6
20072  10    6
21019  10    6
21142  10    6
21207  10    6
21295  10    6
21454  10    6
21536  10    6
21618  10    6
21770  10    6
21870   7    6
21930  10    6
22006   8    6
23049  10    6
24023  10    6
24100   4    6
24231   0    6
24315   0    6
24469   0    6
24540   0    6
24583   0    6
24746   0    6
24854   0    6
24955   0    6
25031   0    6
26030   5    6
27077  10    6
28069  10    6
29092  10    6
29069  10    6
29161  10    6
29251  10    6
29354   2    6
29492   0    6
29558   0    6
29620   0    6
29711   0    6
29811   0    6
29920   0    6
30092   1    6
30178   0    6
30355   0    6
30436   0    6
30545   0    6
30630   0    6
30704   0    6
30861   0    6
30948   0    6
31006   0    6
32052   2    6
32088   1    6
32227   0    6
32339   0    6
32392   0    6
32501   0    6
32586   0    6
32694   0    6
32846   0    6
32937   0    6
33035   0    6
34042   6    6
34119   6    6
34218   0    6
34358   0    6
34480   0    6
34487   0    6
34589   0    6
34720   0    6
34802   0    6
34882   0    6
35062   0    6
36023   2    6
36116   0    6
36215   0    6
36258   0    6
36345   0    6
36493   0    6
36615   0    6
36677   0    6
36750   0    6
36871   0    6
36936   0    6
38065   0    6
39087   2    6
39123   1    6
39198   0    6
39302   0    6
39386   0    6
39489   0    6
39540   0    6
39693   0    6
39812   0    6
39853   0    6
40035   0    6
41040   3    6
41104   1    6
41110   0    6
41302   0    6
41347   0    6
41447   0    6
41562   0    6
41627   0    6
41808   0    6
41825   0    6
41929   0    6
43027   0    6
44045   0    6
45066   1    6
45074   0    6
45200   0    6
45276   0    6
45379   0    6
45501   0    6
45599   0    6
45729   0    6
45799   0    6
45946   0    6
46010   0    6
47035   0    6
48029   0    6
49021   0    6
50095   0    6
51019   0    6
52036   0    6
53076   2    6
53087   0    6
53146   0    6
53308   0    6
53389   0    6
53499   0    6
53570   0    6
53694   0    6
53766   0    6
53850   0    6
53978   0    6
55035   1    6
55135   0    6
55251   0    6
55313   0    6
55399   0    6
55557   0    6
55646   0    6
55761   0    6
55804   0    6
55931   0    6
56042   0    6
57058   0    6
58072   1    6
58101   0    6
58216   0    6
58367   0    6
58472   0    6
58584   0    6
58657   0    6
58694   0    6
58875   0    6
58955   0    6
59055   0    6
60016   1    6
60038   1    6
60147   0    6
60329   0    6
60403   0    6
60450   0    6
60598   0    6
60635   0    6
60739   0    6
60893   0    6
60987   0    6
62028   0    6
63008   1    6
63132   0    6
63284   0    6
63305   0    6
63420   0    6
63558   0    6
63671   0    6
63723   0    6
63813   0    6
63981   0    6
64026   0    6
65003   2    6
65031   2    6
65126   0    6
65242   0    6
65369   0    6
65417   0    6
