  300   1    10
  600  10    10
 1200  10    10
 2400  10    10
 4800  10    10
 9600  10    10
14400  10    10
19200  10    10
28800  10    10
38400  10    10
56000  6    10
57600  8    10
115200   0    10
256000   0    10
   51   9    10
  148   0    10
  242   0    10
  321   0    10
  383   0    10
  527   0    10
  606   0    10
  693   0    10
  834   0    10
  958   0    10
 1063   0    10
 2023  10    10
 3028  10    10
 4085  10    10
 5074  10    10
 6016  10    10
 7072  10    10
 8061  10    10
 9089  10    10
10081  10    10
11024  10    10
12027  10    10
13097  10    10
14090  10    10
15052  10    10
16062  10    10
17009  10    10
18017  10    10
19080  10    10
20018  10    10
21064  10    10
22085  10    10
23031  10    10
24088  10    10
25066  10    10
26083  10    10
27037  10    10
28023  10    10
29073  10    10
30013  10    10
31082  10    10
32026  10    10
33095  10    10
34086  10    10
35025  10    10
36087  10    10
37020  10    10
38021  10    10
39064  10    10
40098  10    10
41041  10    10
42069  10    10
43096  10    10
44066  10    10
45030  10    10
46075  10    10
47081  10    10
48035  10    10
49024  10    10
50044  10    10
51087  10    10
52013  10    10
52070  10    10
52124  10    10
52299  10    10
52319  10    10
52448  10    10
52575  10    10
52664  10    10
52754  10    10
52839  10    10
52931   8    10
54047  10    10
55053  10    10
55102  10    10
55242  10    10
55300  10    10
55363  10    10
55521  10    10
55563  10    10
55747  10    10
55768  10    10
55926  10    10
55980   8    10
56169  10    10
56262   8    10
56306   6    10
56405  10    10
56498  10    10
56603  10    10
56725  10    10
56852  10    10
56891   2    10
57047   4    10
58039  10    10
58112  10    10
58171  10    10
58271  10    10
58328  10    10
58437  10    10
58524  10    10
58641   0    10
58739   0    10
58897   0    10
58999   0    10
60100  10    10
60063  10    10
60227  10    10
60265  10    10
60429   1    10
60463   3    10
60549   1    10
60729   0    10
60754   0    10
60873   0    10
60986   6    10
62096  10    10
62101  10    10
62229   2    10
62315   0    10
62468   4    10
62540   1    10
62670   4    10
62727   2    10
62876   6    10
62953   5    10
63025   7    10
64077  10    10
65053  10    10
66033  10    10
66193  10    10
66295  10    10
66353   3    10
66397   1    10
66501   0    10
66661   3    10
66708   3    10
66838   1    10
66919   1    10
67058   4    10
67130  10    10
67215   2    10
67287   8    10
67437   8    10
67501   7    10
67615   5    10
67693   6    10
67794  10    10
67918   0    10
68003   0    10
69018   0    10
70049   3    10
70111   0    10
70188   0    10
70261   0    10
70428   0    10
70488   0    10
70626   0    10
70723   0    10
70771   0    10
70940   0    10
71000   0    10
72044   7    10
72170   7    10
72214   7    10
72377   4    10
72392   3    10
72565  10    10
72615  10    10
72680   4    10
72808   0    10
72907   0    10
73052   0    10
73014   0    10
73186   0    10
73228   0    10
73322   0    10
73474   0    10
73585   0    10
73655   1    10
73750   3    10
73888   2    10
73980   2    10
75048   0    10
76077   0    10
77045   0    10
78019   4    10
78169   3    10
78261   0    10
78313   0    10
78445   0    10
78575   0    10
78665   0    10
78772   0    10
78859   0    10
78909   0    10
79023   0    10
80098   0    10
81065   1    10
81095  10    10
81232   5    10
81341   0    10
81447   0    10
81514   0    10
81639   0    10
81739   0    10
81840   0    10
81895   0    10
82057   0    10
82087   0    10
82221   0    10
82258   0    10
82413   0    10
82438   0    10
82558   0    10
82666   0    10
82760   0    10
82925   1    10
83029   1    10
84039   0    10
85001   0    10
86009   0    10
87005   0    10
88084   3    10
88158   3    10
88198   0    10
88370   0    10
88474   0    10
88543   0    10
88626   0    10
88760   0    10
88874   0    10
88995   0    10
89044   0    10
90013   0    10
91086   1    10
91047   0    10
91178   0    10
91310   0    10
91370   0    10
91437   0    10
91599   0    10
91686   0    10
91836   0    10
91915   0    10
92019   0    10
93010   0    10
94080   0    10
95069   0    10
96062   0    10
97060   0    10
98029   0    10
99001   0    10
100065   1    10
100030   3    10
100165   0    10
100223   0    10
100341   0    10
100459   0    10
100606   0    10
100629   0    10
100810   0    10
100849   0    10
100993   0    10
102067   0    10
103013   0    10
104050   0    10
105059   0    10
106053   0    10
107087   0    10
108057   0    10
109062   0    10
110075   0    10
111006   0    10
112061   1    10
112125   0    10
112281   0    10
112378   0    10
112438   0    10
112576   0    10
112613   0    10
112736   0    10
112814   0    10
112961   0    10
113015   0    10
114012   0    10
115024   0    10
