  300   1    11
  600  10    11
 1200  10    11
 2400  10    11
 4800  10    11
 9600  10    11
14400  10    11
19200  10    11
28800  10    11
38400  10    11
56000  10    11
57600  6    11
115200   1    11
256000   0    11
   99   1    11
 1044  10    11
 2086  10    11
 3043  10    11
 4100  10    11
 5042  10    11
 6092  10    11
 7070  10    11
 8098  10    11
 9016  10    11
10031  10    11
11004  10    11
12024  10    11
13031  10    11
14062  10    11
15100  10    11
16093  10    11
17056  10    11
18079  10    11
19059  10    11
20013  10    11
21006  10    11
22067  10    11
23089  10    11
24028  10    11
25021  10    11
26004  10    11
27098  10    11
28072  10    11
29001  10    11
30091  10    11
31047  10    11
32070  10    11
33096  10    11
34001  10    11
35078  10    11
36060  10    11
37062  10    11
38064  10    11
39070  10    11
40017  10    11
41012  10    11
42047  10    11
43024  10    11
44049  10    11
45077  10    11
46042  10    11
47090  10    11
48035  10    11
49092  10    11
50039  10    11
51081  10    11
52052  10    11
52101  10    11
52175  10    11
52290  10    11
52361  10    11
52459  10    11
52616  10    11
52729  10    11
52774  10    11
52902   7    11
52952   8    11
54072  10    11
55039  10    11
56045  10    11
56092  10    11
56145  10    11
56272  10    11
56431  10    11
56470  10    11
56593  10    11
56714  10    11
56776  10    11
56883   4    11
57042   4    11
57009   1    11
57155   7    11
57210   5    11
57386   2    11
57409   3    11
57558  10    11
57666   4    11
57748   7    11
57814   7    11
57952  10    11
59045  10    11
60028  10    11
60097   9    11
60212   5    11
60332  10    11
60417  10    11
60522  10    11
60635  10    11
60733  10    11
60841  10    11
60944   3    11
61042   0    11
61130   0    11
61255   1    11
61288   3    11
61430   1    11
61506   0    11
61643  10    11
61756   6    11
61805   2    11
61964   7    11
62058   5    11
63039   3    11
63093   3    11
63249   4    11
63281   1    11
63396   1    11
63536   6    11
63657   8    11
63728   4    11
63788   4    11
63904   7    11
64024   7    11
65052  10    11
66098  10    11
66138  10    11
66169  10    11
66265  10    11
66400   1    11
66560   1    11
66611   2    11
66687   1    11
66767   0    11
66891   2    11
66993   1    11
68078  10    11
68120  10    11
68200  10    11
68304  10    11
68431  10    11
68519  10    11
68588   0    11
68737   0    11
68796   0    11
68880   0    11
69018   2    11
69079   0    11
69130   0    11
69221   0    11
69359   0    11
69468   4    11
69540   3    11
69678   1    11
69716   4    11
69833   2    11
69998   2    11
71034   3    11
71165   0    11
71262   0    11
71326   0    11
71443   1    11
71567   0    11
71692   4    11
71747   6    11
71890   7    11
71982   0    11
72097   0    11
73032   8    11
74072  10    11
74009  10    11
74139  10    11
74298  10    11
74369  10    11
74456  10    11
74601   0    11
74673   0    11
74743   0    11
74858   0    11
74961   0    11
75073   0    11
75226   0    11
75320   0    11
75422   0    11
75548   1    11
75555   1    11
75675   1    11
75826   2    11
75912   0    11
75985   3    11
77082   0    11
78005   0    11
79012   3    11
79088   6    11
79216   2    11
79325   3    11
79447   3    11
79516   0    11
79645   0    11
79702   0    11
79821   0    11
79924   0    11
80018   0    11
81027   3    11
81055   0    11
81208   0    11
81257   0    11
81407   0    11
81518   0    11
81562   0    11
81689   0    11
81834   0    11
81887   0    11
81968   0    11
83057   0    11
84073   1    11
84159   4    11
84275   2    11
84322   1    11
84394   0    11
84515   1    11
84606   1    11
84693   3    11
84802   4    11
84892   2    11
85061   3    11
86038   0    11
87072   0    11
88086   1    11
88131   0    11
88207   2    11
88327   0    11
88364   0    11
88451   0    11
88632   0    11
88731   0    11
88835   0    11
88871   1    11
88990   0    11
90080   0    11
91015   3    11
91187   1    11
91287   4    11
91296   1    11
91406   2    11
91492   3    11
91641   0    11
91733   0    11
91888   0    11
91930   0    11
92030   0    11
93098   0    11
94063   1    11
94102   0    11
94210   4    11
94359   0    11
94416   2    11
94545   0    11
94598   0    11
94766   0    11
94832   0    11
94869   0    11
95043   0    11
96094  10    11
97004  10    11
97086  10    11
97201  10    11
97306  10    11
97411  10    11
97480  10    11
97613   0    11
97764   0    11
97847   0    11
97929   0    11
98075   0    11
98021   0    11
98106   0    11
98209   0    11
98374   0    11
98446   0    11
98579   0    11
98604   0    11
98712   0    11
98838   0    11
98994   0    11
100015   0    11
101006   0    11
102017   0    11
103068   0    11
104074   0    11
105001   0    11
106003   0    11
107014   0    11
108070   2    11
108074   0    11
108173   0    11
108312   0    11
108336   0    11
108530   0    11
108539   0    11
108694   0    11
108820   0    11
108924   0    11
108956   0    11
110017   0    11
111100   0    11
112098   5    11
112044   0    11
112163   0    11
112313   0    11
112416   0    11
112499   0    11
112534   0    11
112715   0    11
112811   0    11
112877   0    11
112968   0    11
114050   0    11
115001   1    11
115150   0    11
115251   0    11
115337   0    11
115451   0    11
115531   0    11
115590   0    11
115682   0    11
115845   0    11
115897   0    11
116035   0    11
117052   0    11
118087   0    11
119040   0    11
120100   0    11
121013   0    11
122064   0    11