  300   1    12
  600  20    12
 1200  20    12
 2400  20    12
 4800  20    12
 9600  20    12
14400  20    12
19200  20    12
28800  20    12
38400  20    12
56000  20    12
57600  15    12
115200   0    12
256000   0    12
   27   1    12
 1082  10    12
 2004  10    12
 3044  10    12
 4067  10    12
 5018  10    12
 6095  10    12
 7076  10    12
 8040  10    12
 9010  10    12
10001  10    12
11048  10    12
12065  10    12
13032  10    12
14036  10    12
15065  10    12
16082  10    12
17076  10    12
18050  10    12
19021  10    12
20010  10    12
21053  10    12
22082  10    12
23079  10    12
24045  10    12
25035  10    12
26020  10    12
27042  10    12
28068  10    12
29021  10    12
30027  10    12
31071  10    12
32038  10    12
33078  10    12
34024  10    12
35068  10    12
36039  10    12
37015  10    12
38004  10    12
39046  10    12
40081  10    12
41032  10    12
42041  10    12
43054  10    12
44022  10    12
45071  10    12
46057  10    12
47100  10    12
48088  10    12
49015  10    12
50068  10    12
51082  10    12
52076  10    12
53095  10    12
54015  10    12
55051  10    12
56069  10    12
57059  10    12
57036  10    12
57146  10    12
57284  10    12
57415  10    12
57471   9    12
57576   6    12
57691   6    12
57756   4    12
57878   5    12
57995  10    12
59099  10    12
60093  10    12
61086  10    12
62030  10    12
63028  10    12
63047   9    12
63215  10    12
63323  10    12
63364  10    12
63531  10    12
63594   2    12
63717   5    12
63840   5    12
63893   6    12
64029   6    12
64047   2    12
64205   9    12
64279  10    12
64413  10    12
64482  10    12
64574  10    12
64659  10    12
64826  10    12
64931   5    12
64983   4    12
66059  10    12
66112  10    12
66258  10    12
66301  10    12
66420  10    12
66552  10    12
66577  10    12
66688  10    12
66840  10    12
66966  10    12
67023  10    12
68023  10    12
68125   9    12
68182  10    12
68290  10    12
68390  10    12
68525  10    12
68622   5    12
68698   7    12
68802   4    12
68957   5    12
69015   7    12
70038  10    12
70015  10    12
70133  10    12
70223   0    12
70391   0    12
70474   0    12
70541   0    12
70651   0    12
70727   0    12
70820   0    12
70950   0    12
72001  10    12
72117   9    12
72143  10    12
72296  10    12
72391  10    12
72439  10    12
72550  10    12
72651  10    12
72791   6    12
72882   4    12
72925   4    12
74068  10    12
74186  10    12
74238  10    12
74310  10    12
74393  10    12
74548   0    12
74630   2    12
74749   0    12
74816   1    12
74955   3    12
74999   0    12
75068   0    12
75204   2    12
75294   1    12
75380   2    12
75526   5    12
75624   3    12
75728   3    12
75811   4    12
75899   6    12
75988   6    12
77073  10    12
77058  10    12
77195  10    12
77307  10    12
77429   4    12
77520   0    12
77596   0    12
77700   5    12
77824   1    12
77911   0    12
77983   4    12
79025  10    12
79109  10    12
79239  10    12
79355  10    12
79418  10    12
79516   0    12
79695   3    12
79706   2    12
79805   3    12
79976   3    12
80015   1    12
80093   2    12
80184   0    12
80299   1    12
80386   3    12
80472   0    12
80541   0    12
80662   6    12
80789   5    12
80918   3    12
80966   3    12
82088   2    12
82069   1    12
82192   2    12
82312   0    12
82437   2    12
82532   1    12
82578   0    12
82647   2    12
82836   7    12
82841   2    12
82960   3    12
84015  10    12
85054  10    12
85093   9    12
85193   4    12
85297   2    12
85420   2    12
85553   0    12
85608   2    12
85680   1    12
85798   1    12
85897   2    12
86052   1    12
87069   1    12
87122   1    12
87200   0    12
87262   0    12
87417   0    12
87552   0    12
87559   0    12
87706   0    12
87847   0    12
87953   0    12
88042   0    12
89058   6    12
89108   3    12
89221   4    12
89307   4    12
89405   1    12
89498   3    12
89613   2    12
89679   3    12
89747  10    12
89851   0    12
89981   1    12
90186   7    12
90267   0    12
90368   0    12
90468   0    12
90540   0    12
90643   0    12
90708   0    12
90796   0    12
90967   0    12
91084   0    12
92085   5    12
92102   1    12
92256   0    12
92329   2    12
92448   0    12
92581   0    12
92686   1    12
92706   2    12
92810   0    12
92919   1    12
93097   2    12
94016   2    12
94171   0    12
94187   0    12
94366   0    12
94439   0    12
94540   0    12
94627   0    12
94685   0    12
94825   0    12
94953   0    12
95000   0    12
96044   4    12
96150   0    12
96192   0    12
96354   0    12
96438   0    12
96507   0    12
96614   0    12
96751   0    12
96802   0    12
96931   0    12
97030   0    12
98021   0    12
99076   0    12
100074   2    12
100074   2    12
100239   1    12
100333   0    12
100351   2    12
100443   0    12
100544   0    12
100665   0    12
100805   0    12
100906   0    12
100984   0    12
102091   0    12
103015   1    12
103072   1    12
103195   2    12
103252   1    12
103328   2    12
103485   2    12
103523   4    12
103645   0    12
103799   0    12
103854   2    12
103950   1    12
105011   2    12
105098   0    12
105220   0    12
105323   0    12
105385   0    12
105480   0    12
105592   0    12
105759   0    12
105821   0    12
105955   0    12
105983   0    12
107035   0    12
108022   0    12
109095   1    12
109068   0    12
109167   0    12
109211   0    12
109384   0    12
109448   0    12
109559   0    12
109643   0    12
109744   0    12
109907   0    12
109968   0    12
111029   0    12
112073   0    12
113049   1    12
113157   0    12
113191   0    12
113327   0    12
113474   1    12
113498   1    12
113686   2    12
113698   0    12
113826   1    12
113895   1    12
114007   0    12
115069   0    12