9 00
130 00
183 00
313 00
387 00
493 00
660 00
705 00
792 00
970 00
1019 00
1097 100
1185 100
1329 100
1081 100
2075 100
3001 100
4061 100
5054 100
6015 100
7071 100
8093 100
9054 100
10093 100
11097 100
12092 100
13042 100
14017 100
15070 100
16003 100
17048 100
18045 100
19028 100
20045 100
21004 100
22078 100
23046 100
24069 100
25048 100
26049 100
27029 100
28059 100
29064 100
30099 100
31025 100
32066 100
33002 100
34016 100
35090 100
36010 100
37021 100
38025 100
39014 100
40058 100
41066 100
42028 100
43084 100
44060 100
45068 100
46032 100
47097 100
48075 100
49095 100
50085 100
51099 100
52042 100
53077 100
54073 100
55009 100
56052 100
57019 100
58022 100
59041 100
60041 100
61049 100
62081 100
63011 100
64097 100
65007 100
66019 100
67080 100
68003 100
69039 100
70074 100
71029 100
72074 100
73132 60
73187 80
73259 70
73417 70
73498 60
73580 80
73657 100
73740 100
73922 100
73954 100
74094 100
75095 100
76057 100
77029 100
78028 100
79082 100
80116 80
80198 80
80318 60
80399 70
80490 100
80627 100
80735 100
80821 100
80970 100
81017 100
81080 100
82097 90
82200 100
82310 90
82389 100
82538 90
82588 100
82743 100
82843 100
82901 100
83019 100
83042 100
84094 100
85019 70
85195 100
85249 100
85408 100
85436 100
85555 100
85628 100
85717 100
85870 100
85939 100
86052 100
87117 30
87210 30
87282 40
87441 60
87511 20
87583 30
87713 100
87785 100
87915 100
88031 100
88031 100
89104 40
89232 30
89307 20
89412 30
89521 20
89585 80
89712 40
89807 20
89859 50
89946 00
90074 40
90266 00
90306 10
90453 20
90476 20
90572 30
90748 40
90836 10
90912 20
91027 30
91104 10
91126 20
91283 30
91335 20
91461 30
91585 20
91673 40
91781 00
91824 00
91976 00
92106 00
92243 00
92307 00