  300   1    1
  600   0    1
 1200  10    1
 2400  10    1
 4800   4    1
 9600   0    1
14400   0    1
19200   0    1
28800   0    1
38400   0    1
56000   0    1
57600   0    1
115200   0    1
256000   0    1
   12   1    1
  156   0    1
  210   0    1
  310   0    1
  411   0    1
  509   0    1
  596   0    1
  713   0    1
  840   0    1
  961   0    1
 1034   0    1
 2066  10    1
 3081  10    1
 4061  10    1
 5021  10    1
 5115  10    1
 5253  10    1
 5331   6    1
 5387  10    1
 5538   1    1
 5624   0    1
 5726   0    1
 5783   0    1
 5902   0    1
 5975   0    1
 6068   0    1
 6173  10    1
 6298  10    1
 6351   1    1
 6434   0    1
 6562   0    1
 6644   0    1
 6777   0    1
 6832   0    1
 6918   0    1
 8087   2    1
 8132   0    1
 8254   0    1
 8353   0    1
 8439   0    1
 8480   0    1
 8594   0    1
   300   1    2
  600   0    2
 1200  10    2
 2400  10    2
 4800  10    2
 9600   6    2
14400  10    2
19200   0    2
28800   0    2
38400   0    2
56000   0    2
57600   0    2
115200   0    2
256000   0    2
   65   1    2
  138   0    2
  259   0    2
  326   0    2
  491   0    2
  586   0    2
  662   0    2
  753   0    2
  814   0    2
  945   0    2
 1088   0    2
 2018  10    2
 3058  10    2
 4056  10    2
 5027  10    2
 6080  10    2
 7057  10    2
 8084  10    2
 9028  10    2
10001  10    2
11069  10    2
11151  10    2
11187  10    2
11324  10    2
11440  10    2
11506   5    2
11571   0    2
11756   0    2
11802   0    2
11940   0    2
12044   0    2
13061  10    2
13146  10    2
13261  10    2
13349   0    2
13419   0    2
13522   0    2
13622   0    2
13743   0    2
13801   0    2
13984   0    2
14066   0    2
14067   1    2
14161   0    2
14306  10    2
14351  10    2
14509  10    2
14608   1    2
14680   0    2
14783   0    2
14882   0    2
14948   0    2
16069   3    2
16034   0    2
16203   0    2
16275   0    2
16391   0    2
16463   0    2
16600   0    2
16669   0    2
16747   0    2
16839   0    2
16964   0    2
18021   0    2
19063   0    2
20070   0    2
21042   0    2
22053   1    2
22167   0    2
22193   0    2
22285   0    2
22457   0    2
22488   0    2