  300   1    2
  600   0    2
 1200  10    2
 2400  10    2
 4800  10    2
 9600   6    2
14400  10    2
19200   0    2
28800   0    2
38400   0    2
56000   0    2
57600   0    2
115200   0    2
256000   0    2
   65   1    2
  138   0    2
  259   0    2
  326   0    2
  491   0    2
  586   0    2
  662   0    2
  753   0    2
  814   0    2
  945   0    2
 1088   0    2
 2018  10    2
 3058  10    2
 4056  10    2
 5027  10    2
 6080  10    2
 7057  10    2
 8084  10    2
 9028  10    2
10001  10    2
11069  10    2
11151  10    2
11187  10    2
11324  10    2
11440  10    2
11506   5    2
11571   0    2
11756   0    2
11802   0    2
11940   0    2
12044   0    2
13061  10    2
13146  10    2
13261  10    2
13349   0    2
13419   0    2
13522   0    2
13622   0    2
13743   0    2
13801   0    2
13984   0    2
14066   0    2
14067   1    2
14161   0    2
14306  10    2
14351  10    2
14509  10    2
14608   1    2
14680   0    2
14783   0    2
14882   0    2
14948   0    2
16069   3    2
16034   0    2
16203   0    2
16275   0    2
16391   0    2
16463   0    2
16600   0    2
16669   0    2
16747   0    2
16839   0    2
16964   0    2
18021   0    2
19063   0    2
20070   0    2
21042   0    2
22053   1    2
22167   0    2
22193   0    2
22285   0    2
22457   0    2
22488   0    2