  300   1    3
  600   0    3
 1200  10    3
 2400  10    3
 4800  10    3
 9600  10    3
14400   8    3
19200   7    3
28800   0    3
38400   0    3
56000   0    3
57600   0    3
115200   0    3
256000   0    3
   43  10    3
 1092  10    3
 2033  10    3
 3057  10    3
 4049  10    3
 5051  10    3
 6082  10    3
 7075  10    3
 8067  10    3
 9016  10    3
10070  10    3
11026  10    3
12047  10    3
13012  10    3
14074  10    3
15029  10    3
15100   0    3
15259   0    3
15297   0    3
15381   0    3
15545   0    3
15656   0    3
15740   0    3
15829   0    3
15956   0    3
16057   0    3
17073  10    3
17104   0    3
17211   0    3
17328   0    3
17391   0    3
17501   0    3
17664   0    3
17684   0    3
17801   0    3
17879   0    3
17985   0    3
19011  10    3
19107  10    3
19204  10    3
19299  10    3
19348  10    3
19527  10    3
19581  10    3
19652  10    3
19746  10    3
19900  10    3
19960  10    3
20134   4    3
20229   3    3
20390   0    3
20420   5    3
20495   6    3
20670   4    3
20756   7    3
20875   6    3
20936   5    3
21027   7    3
22065   0    3
23032   0    3
24084   1    3
24078   3    3
24151   0    3
24316   0    3
24410   0    3
24522   0    3
24546   0    3
24649   0    3
24805   0    3
24854   0    3
25007   0    3
26015   1    3
26109   0    3
26171   0    3
26228   0    3
26409   0    3
26447   0    3
26545   0    3
26721   0    3
26744   0    3
26851   0    3
26995   0    3
28029   0    3
29034   0    3