  300   1    4
  600   0    4
 1200  10    4
 2400  10    4
 4800  10    4
 9600  10    4
14400  10    4
19200   9    4
28800  10    4
38400   0    4
56000   0    4
57600   0    4
115200   0    4
256000   0    4
    9  10    4
 1004  10    4
 2069  10    4
 3005  10    4
 4001  10    4
 5035  10    4
 6016  10    4
 7098  10    4
 8045  10    4
 9017  10    4
10046  10    4
11006  10    4
12057  10    4
13092  10    4
14068  10    4
15064  10    4
15025  10    4
15200  10    4
15238  10    4
15329  10    4
15523  10    4
15617  10    4
15716  10    4
15755  10    4
15846  10    4
15951   2    4
17093  10    4
18080  10    4
18118  10    4
18205  10    4
18259  10    4
18408  10    4
18472  10    4
18556  10    4
18686  10    4
18824  10    4
18859  10    4
19016   5    4
19068   0    4
19209   0    4
19282   0    4
19400   0    4
19544   0    4
19570   0    4
19684   0    4
19841   0    4
19901   0    4
20034   0    4
21075  10    4
22013  10    4
23081  10    4
24015  10    4
24072   9    4
24173   6    4
24218   5    4
24406  10    4
24477  10    4
24522   6    4
24695  10    4
24725  10    4
24886   4    4
24976   0    4
25102   2    4
25114   5    4
25281   4    4
25380   0    4
25420   0    4
25545   0    4
25620   0    4
25724   0    4
25816   0    4
25948   0    4
27062   2    4
27132   8    4
27208   0    4
27346   0    4
27371   0    4
27468   0    4
27636   0    4
27696   0    4
27837   0    4
27946   0    4
28015   0    4
29013   0    4
30058  10    4
31094  10    4
31036  10    4
31158  10    4
31261   3    4
31344   0    4
31460   0    4
31533   0    4
31632   0    4
31784   0    4
31838   0    4
31945   0    4
32134   0    4
32207   7    4
32297   0    4
32461   0    4
32510   0    4
32621   0    4
32773   0    4
32794   0    4
32958   0    4
33026   0    4
34033   0    4
35051   1    4
35051   1    4
35159   0    4
35294   0    4
35329   0    4
35419   0    4
35544   0    4
35687   0    4
35716   0    4
35839   0    4
35915   0    4
37068   0    4
38096   0    4