  300   1    5
  600   0    5
 1200  10    5
 2400  10    5
 4800  10    5
 9600  10    5
14400  10    5
19200  10    5
28800   7    5
38400   1    5
56000   0    5
57600   0    5
115200   0    5
256000   0    5
   34   1    5
   73   0    5
  266   0    5
  335   0    5
  443   0    5
  545   0    5
  592   0    5
  767   0    5
  777   0    5
  963   0    5
 1029   0    5
 2053  10    5
 3077  10    5
 4048  10    5
 5097  10    5
 6038  10    5
 7071  10    5
 8083  10    5
 9012  10    5
10050  10    5
11009  10    5
12049  10    5
13018  10    5
14095  10    5
15077  10    5
16007  10    5
17043  10    5
18099  10    5
19013  10    5
20077  10    5
21051  10    5
22018  10    5
23038  10    5
23096  10    5
23240  10    5
23301  10    5
23426  10    5
23523  10    5
23660  10    5
23670  10    5
23821  10    5
23964  10    5
23987  10    5
25061  10    5
26080  10    5
27052  10    5
27095   0    5
27197   0    5
27272   0    5
27401   2    5
27495  10    5
27589  10    5
27653  10    5
27761  10    5
27873   6    5
27957   2    5
28037  10    5
28219   4    5
28251  10    5
28368  10    5
28477   4    5
28528   0    5
28646   0    5
28794   0    5
28916   0    5
28995   0    5
30079  10    5
30112  10    5
30262   2    5
30289   2    5
30430   4    5
30535   3    5
30582   6    5
30708   3    5
30815   1    5
30931  10    5
31015   3    5
32004  10    5
32092  10    5
32291   0    5
32375   5    5
32484   4    5
32568   8    5
32600   7    5
32785   8    5
32821   3    5
32969  10    5
33016  10    5
33112   0    5
33228   0    5
33266   4    5
33418   3    5
33484   3    5
33601   4    5
33744   7    5
33809   0    5
33914   0    5
34016   0    5
35055  10    5
35045   7    5
35172   0    5
35241   0    5
35397   0    5
35452   0    5
35560   0    5
35656   0    5
35782   0    5
35833   0    5
35997   0    5
37002   5    5
37172   3    5
37207   7    5
37397   0    5
37403   0    5
37597   0    5
37623   0    5
37703   0    5
37820   0    5
37952   0    5
38050   0    5
39020   9    5
39128   3    5
39241   0    5
39308   0    5
39423   0    5
39481   0    5
39599   0    5
39705   0    5
39818   0    5
39936   0    5
40044   0    5
41088   0    5
42067   0    5
43083   2    5
43112   0    5
43176   0    5
43322   0    5
43375   0    5
43520   0    5
43584   0    5
43666   0    5
43820   0    5
43845   0    5
43947   0    5
45087   2    5
45094   1    5
45251   3    5
45379   0    5
45401   0    5
45565   0    5
45603   0    5
45754   0    5
45833   0    5
45987   0    5
45994   0    5
47059   0    5
48055   0    5
49023   0    5
50033   0    5
51044   0    5
52002   1    5
52033   0    5
52193   0    5
52247   0    5
52402   0    5
52474   0    5
52543   0    5
52706   0    5
52810   0    5
52846   0    5
52941   0    5
54023   4    5
54177   1    5
54241   3    5
54359   0    5
54432   0    5
54579   0    5
54660   0    5
54729   0    5
54841   0    5
54973   0    5
55090   0    5