  300   1    6
  600  20    6
 1200  20    6
 2400  20    6
 4800  20    6
 9600  20    6
14400  20    6
19200  20    6
28800  14    6
38400  20    6
56000   0    6
57600   0    6
115200   0    6
256000   0    6
    6   1    6
   66   0    6
  175   0    6
  268   0    6
  379   0    6
  499   0    6
  558   0    6
  628   0    6
  730   0    6
  864  10    6
  996  10    6
 2038  10    6
 3010  10    6
 4089  10    6
 5060  10    6
 6088  10    6
 7009  10    6
 8061  10    6
 9078  10    6
10052  10    6
11030  10    6
12030  10    6
13013  10    6
14088  10    6
15096  10    6
16063  10    6
17087  10    6
18083  10    6
19080  10    6
20023  10    6
21075  10    6
22005  10    6
23004  10    6
24045  10    6
25021  10    6
26015  10    6
27085  10    6
28008  10    6
29069  10    6
30037  10    6
30075   7    6
30164   7    6
30254   8    6
30400  10    6
30439  10    6
30564  10    6
30683  10    6
30750  10    6
30877  10    6
30958  10    6
32044  10    6
33022  10    6
34097  10    6
35052  10    6
36085  10    6
37086  10    6
37106  10    6
37224  10    6
37383  10    6
37439   3    6
37552   3    6
37623   8    6
37792   7    6
37805   4    6
37940   4    6
38059   2    6
38092   3    6
38187   0    6
38315   0    6
38442   0    6
38539   0    6
38577   0    6
38762   0    6
38806   0    6
38936   0    6
39049   0    6
40076   3    6
40117   3    6
40226   5    6
40385   6    6
40425   2    6
40544   2    6
40640   3    6
40713   0    6
40840   0    6
40929   0    6
41026   0    6
42063   2    6
42047   0    6
42162   0    6
42276   0    6
42359   0    6
42443   0    6
42531   0    6
42619   0    6
42712   0    6
42888   0    6
42989   0    6
44022   1    6
44132   0    6
44183   0    6
44334   4    6
44390   1    6
44539   2    6
44598   5    6
44735  10    6
44843   6    6
44903   5    6
45000   0    6
45097   0    6
45187   0    6
45286   0    6
45422   0    6
45541   0    6
45654   0    6
45715   0    6
45846   0    6
45924   0    6
46018   0    6
47040   0    6
48073   4    6
48103   1    6
48200   0    6
48340   0    6
48432   0    6
48540   0    6
48652   0    6
48731   0    6
48830   0    6
48867   0    6
49036   0    6
50001   1    6
50140   1    6
50207   1    6
50300   0    6
50415   0    6
50512   0    6
50605   0    6
50783   0    6
50847   0    6
50887   0    6
50992   0    6
52015   0    6
53038   0    6
54073   1    6
54123   3    6
54217   1    6
54338   0    6
54421   0    6
54577   0    6
54611   0    6
54746   0    6
54842   0    6
54928   0    6
55049   0    6