  300   1    7
  600   0    7
 1200  20    7
 2400  20    7
 4800  20    7
 9600  20    7
14400  20    7
19200  20    7
28800  20    7
38400  20    7
56000   0    7
57600   0    7
115200   0    7
256000   0    7
   98   1    7
   92   0    7
  173   0    7
  233   0    7
  398   0    7
  518  10    7
  584  10    7
  715  10    7
  824  10    7
  903  10    7
  947  10    7
 2035  10    7
 3077  10    7
 4007  10    7
 5012  10    7
 6080  10    7
 7092  10    7
 8049  10    7
 9057  10    7
10014  10    7
11084  10    7
12018  10    7
13010  10    7
14052  10    7
15017  10    7
16088  10    7
17054  10    7
18096  10    7
19004  10    7
20022  10    7
21057  10    7
22089  10    7
23047  10    7
24015  10    7
25047  10    7
26070  10    7
27052  10    7
28025  10    7
29100  10    7
30029  10    7
31024  10    7
32065  10    7
32048  10    7
32169  10    7
32342  10    7
32413   7    7
32453  10    7
32552  10    7
32704  10    7
32778  10    7
32917   6    7
32982   6    7
34053  10    7
35023  10    7
36024  10    7
36121  10    7
36240  10    7
36306   1    7
36462   4    7
36530   9    7
36672  10    7
36751  10    7
36818  10    7
36954   5    7
37032   7    7
37089   1    7
37231   2    7
37259   6    7
37430   9    7
37480  10    7
37551  10    7
37707  10    7
37836  10    7
37939   3    7
38009   3    7
39077   0    7
40073   2    7
40106   4    7
40185   2    7
40284   6    7
40366   8    7
40432   5    7
40594   3    7
40711  10    7
40798  10    7
40873  10    7
40937  10    7
42043  10    7
43010  10    7
44007  10    7
44089  10    7
44232  10    7
44330   2    7
44407   0    7
44485   0    7
44552   0    7
44726   0    7
44780   0    7
44929   0    7
44993   0    7
46094  10    7
46052   9    7
46199  10    7
46333   0    7
46391   0    7
46440   0    7
46547   0    7
46673   0    7
46808   0    7
46929   0    7
46959   0    7
47160   3    7
47230   4    7
47352   4    7
47394   4    7
47582   0    7
47619   0    7
47761   0    7
47860   0    7
47925   0    7
48041   0    7
49099   8    7
49154   1    7
49230   0    7
49305   0    7
49382   0    7
49517   0    7
49631   0    7
49747   0    7
49800   0    7
49934   0    7
49972   0    7
51007   5    7
51116   0    7
51244   0    7
51361   0    7
51441   0    7
51499   0    7
51652   9    7
51763   1    7
51799   2    7
51888   1    7
52057   5    7
53008   0    7
54091   0    7
55099   1    7