  300   1    8
  600  20    8
 1200  20    8
 2400  20    8
 4800  20    8
 9600  20    8
14400  20    8
19200  20    8
28800  20    8
38400  13    8
56000   0    8
57600  20    8
115200   0    8
256000   0    8
   67   1    8
   89   0    8
  232   0    8
  369   0    8
  443   0    8
  512   0    8
  601   0    8
  760   0    8
  824   0    8
  884   0    8
 1002   0    8
 2082  10    8
 3069  10    8
 4069  10    8
 5057  10    8
 6001  10    8
 7016  10    8
 8030  10    8
 9001  10    8
10069  10    8
11002  10    8
12095  10    8
13060  10    8
14018  10    8
15078  10    8
16036  10    8
17018  10    8
18006  10    8
19080  10    8
20053  10    8
21036  10    8
22023  10    8
23053  10    8
24046  10    8
25016  10    8
26017  10    8
27044  10    8
28042  10    8
29080  10    8
30006  10    8
31052  10    8
32098  10    8
33025  10    8
34007  10    8
35075  10    8
36024  10    8
37004  10    8
38003  10    8
39073  10    8
40064  10    8
41059  10    8
42012  10    8
43029  10    8
44038  10    8
44173  10    8
44251  10    8
44302  10    8
44475  10    8
44527  10    8
44658  10    8
44696  10    8
44809  10    8
44976   6    8
44990   3    8
45116   7    8
45232   7    8
45361  10    8
45413  10    8
45503  10    8
45678   0    8
45762   0    8
45817   0    8
45981   4    8
46048   5    8
46120   2    8
46137   7    8
46261   7    8
46403  10    8
46495  10    8
46577  10    8
46678  10    8
46781   6    8
46856   7    8
46957   6    8
48038  10    8
48091   9    8
48201   4    8
48279   9    8
48383   8    8
48522   8    8
48589   6    8
48660   6    8
48831   2    8
48881   4    8
48964   4    8
50086   0    8
51042   0    8
52063   7    8
52085   7    8
52160   6    8
52242   7    8
52366   4    8
52459  10    8
52529  10    8
52665  10    8
52796  10    8
52823  10    8
53006   4    8
53151   2    8
53181   8    8
53331   5    8
53387   2    8
53576   2    8
53642   0    8
53699   1    8
53866   6    8
53902   1    8
54038   1    8
55004   2    8
55096   0    8
55188   0    8
55276   0    8
55413   5    8
55461   3    8
55558   2    8
55685   8    8
55763   4    8
55932   0    8
56029   0    8
57081   2    8
57042   0    8
57157   0    8
57306   0    8
57401   0    8
57498   8    8
57598  10    8
57680  10    8
57780  10    8
57913  10    8
58007   0    8
58121   2    8
58163   0    8
58298   0    8
58329   0    8
58474   0    8
58573   0    8
58657   0    8
58771   0    8
58846   0    8
58977   0    8
60093   7    8
60101   0    8
60222   0    8
60389   0    8
60465   0    8
60504   0    8
60601   0    8
60755   0    8
60836   0    8
60891   0    8
61038   0    8
62006   2    8
62092   3    8
62196   0    8
62337   0    8
62418   0    8
62476   0    8
62620   0    8
62720   0    8
62777   0    8
62922   0    8
62962   0    8
64054   1    8
64122   1    8
64213   0    8
64307   0    8
64378   0    8
64553   0    8
64653   0    8
64700   0    8
64805   0    8
64904   0    8
65001   0    8
66053   0    8
67058  10    8
67125   0    8
67207   0    8
67380   0    8
67435   0    8
67542   0    8
67643   0    8
67769   0    8
67870   0    8
67974   0    8
68031   0    8
69001   2    8
69130   0    8
69227   1    8
69374   0    8
69442   0    8
69501   0    8
69653   0    8
69781   0    8
69868   0    8
69950   0    8
70019   0    8
71060   0    8
72019   1    8
72142   3    8
72169   0    8
72255   1    8
72359   1    8
72451   3    8
72644   4    8
72689   0    8
72826   0    8
72895   0    8
73015   0    8
74018   0    8
75085   0    8
76035   5    8
76092   0    8
76199   0    8
76290   0    8
76429   0    8
76505   0    8
76608   0    8
76745   0    8
76804   0    8
76948   0    8
76997   0    8
78031   1    8
78097   0    8
78202   0    8
78247   0    8
78403   0    8
78414   0    8
78573   0    8
78682   0    8
78785   0    8
78818   0    8
78998   0    8
80091   0    8
81017   0    8
82082   1    8
82076   0    8
82179   0    8
82256   0    8
82381   0    8
82481   0    8
82564   0    8
82634   0    8
82818   0    8
82920   0    8
83017   0    8
84080   0    8
85051   0    8
86029   0    8
87037   0    8
88061   0    8
89054   0    8
90005   0    8
91045   0    8
92001   0    8
93068   2    8
93124   0    8
93176   0    8
93291   0    8
93355   0    8
93525   0    8
93535   0    8
93687   0    8
93755   0    8
93856   0    8
93929   0    8
95094   0    8
96016   0    8
97099   0    8
98085   0    8
99081   0    8
100001   0    8
101066   0    8
102075   0    8
103019   0    8
104040   0    8
105093   1    8
105048   0    8
105198   0    8
105274   0    8
105395   0    8
105483   0    8
105601   0    8
105695   0    8
105807   0    8
105850   0    8
106001   0    8
107079   0    8
108042   0    8
109090   0    8
110032   0    8
111068   0    8
112076   0    8
113036   0    8
114025   1    8
114123   0    8
114247   0    8
114284   0    8
114368   0    8
114476   0    8
114616   0    8
114723   0    8
114804   0    8
114935   0    8
115001   0    8
