  300   1    9
  600  20    9
 1200  20    9
 2400  20    9
 4800  20    9
 9600  20    9
14400  20    9
19200  20    9
28800  20    9
38400  20    9
56000   2    9
57600   1    9
115200   0    9
256000   0    9
    5   1    9
 1084  10    9
 2035  10    9
 3057  10    9
 4084  10    9
 5073  10    9
 6012  10    9
 7025  10    9
 8033  10    9
 9017  10    9
10008  10    9
11029  10    9
12018  10    9
13088  10    9
14080  10    9
15034  10    9
16022  10    9
17036  10    9
18097  10    9
19014  10    9
20044  10    9
21089  10    9
22085  10    9
23052  10    9
24010  10    9
25029  10    9
26043  10    9
27040  10    9
28039  10    9
29084  10    9
30078  10    9
31053  10    9
32084  10    9
33053  10    9
34040  10    9
35002  10    9
36050  10    9
37021  10    9
38044  10    9
39096  10    9
40094  10    9
41079  10    9
42028  10    9
43073  10    9
44096  10    9
45017  10    9
46043  10    9
47074  10    9
48046  10    9
48094   7    9
48248   9    9
48379  10    9
48393  10    9
48526  10    9
48609   2    9
48683   1    9
48851   0    9
48931   0    9
49063   5    9
50087  10    9
51080  10    9
51120  10    9
51178  10    9
51341  10    9
51356  10    9
51473  10    9
51596   6    9
51750   6    9
51835   5    9
51853   5    9
52002   7    9
52052   4    9
52135   7    9
52237   9    9
52355   5    9
52436  10    9
52593  10    9
52616  10    9
52777  10    9
52902   2    9
52916   3    9
54089  10    9
55064  10    9
55185  10    9
55191  10    9
55337  10    9
55391  10    9
55533  10    9
55672  10    9
55719  10    9
55844   0    9
55907   0    9
56055   0    9
57056  10    9
57130   5    9
57260   0    9
57325   0    9
57448   0    9
57538   0    9
57621   0    9
57779   0    9
57868   0    9
57907   0    9
58041   0    9
59044   4    9
59112   1    9
59132  10    9
59322  10    9
59366  10    9
59451  10    9
59608  10    9
59681  10    9
59789   2    9
59874   2    9
60014   4    9
61003  10    9
61152  10    9
61237  10    9
61267  10    9
61420  10    9
61485  10    9
61589   4    9
61691   4    9
61782   3    9
61881   1    9
61975   5    9
62086   2    9
62198   2    9
62290   1    9
62376   3    9
62492   5    9
62572   0    9
62649   5    9
62819   9    9
62854   7    9
62998   0    9
64030   1    9
64077   1    9
64219   1    9
64347   0    9
64438   0    9
64482   2    9
64613   1    9
64698   1    9
64779   2    9
64902   0    9
65028   0    9
66075   0    9
67083   6    9
67163  10    9
67300  10    9
67316  10    9
67404  10    9
67508  10    9
67618  10    9
67770   0    9
67810   0    9
67940   0    9
68046   0    9
68121   0    9
68237   0    9
68380   0    9
68399   0    9
68529   0    9
68639   3    9
68692   2    9
68808   4    9
68894   2    9
69044   8    9
70005   0    9
71027   4    9
71153   0    9
71258   0    9
71292   0    9
71374   0    9
71486   0    9
71619   0    9
71759   0    9
71867   0    9
71894   1    9
72007   0    9
73018   0    9
74078   0    9
75035   1    9
76048  10    9
76175  10    9
76196  10    9
76355  10    9
76453   0    9
76512   0    9
76639   0    9
76694   0    9
76816   0    9
76907   0    9
77061   0    9
77040   0    9
77143   0    9
77252   0    9
77317   0    9
77435   0    9
77554   0    9
77654   0    9
77740   0    9
77893   0    9
78008   0    9
79044   0    9
80071   0    9
81043   0    9
82026   1    9
82070   0    9
82182   0    9
82285   0    9
82396   0    9
82449   0    9
82610   0    9
82705   0    9
82805   0    9
82869   0    9
83020   0    9
84097   0    9
85044   0    9
86088   0    9
87021   0    9
88047   0    9
89013   4    9
89124   0    9
89205   0    9
89257   0    9
89356   0    9
89535   0    9
89645   0    9
89721   0    9
89786   0    9
89890   0    9
89993   0    9
91022   3    9
91091   0    9
91138   0    9
91297   0    9
91323   0    9
91451   0    9
91596   0    9
91636   0    9
91729   0    9
91885   0    9
92003   0    9
93001   1    9
93108   0    9
93215   0    9
93283   0    9
93374   0    9
93482   0    9
93628   0    9
93641   0    9
93763   0    9
93888   0    9
93995   0    9
95008   0    9
96018   0    9
97013   0    9
98015   0    9
99067   0    9
100067   0    9
101072   0    9
102088   0    9
103093   0    9
104017   0    9
105057   5    9
105061   0    9
105163   0    9
105263   0    9
105330   0    9
105486   0    9
105568   0    9
105704   0    9
105808   0    9
105861   0    9
105970   0    9
107091   0    9
108021   0    9
109096   0    9
110011   0    9
111036   1    9
111139   0    9
111230   0    9
111386   0    9
111495   0    9
111578   0    9
111633   0    9
111703   0    9
111863   0    9
111907   0    9
112079   0    9
113026   0    9
114064   0    9
115092   0    9
