  300   0    10
  600  20    10
 1200  20    10
 2400  20    10
 4800  20    10
 9600  20    10
14400  20    10
19200  20    10
28800  20    10
38400  20    10
56000  12    10
57600  15    10
115200   0    10
256000   0    10
   32   0    10
 1063  10    10
 2023  10    10
 3053  10    10
 4041  10    10
 5088  10    10
 6039  10    10
 7070  10    10
 8071  10    10
 9077  10    10
10041  10    10
11024  10    10
12088  10    10
13053  10    10
14061  10    10
15070  10    10
16093  10    10
17087  10    10
18050  10    10
19035  10    10
20090  10    10
21020  10    10
22020  10    10
23089  10    10
24075  10    10
25068  10    10
26057  10    10
27020  10    10
28095  10    10
29028  10    10
30062  10    10
31031  10    10
32008  10    10
33072  10    10
34074  10    10
35045  10    10
36026  10    10
37053  10    10
38045  10    10
39049  10    10
40035  10    10
41071  10    10
42089  10    10
43034  10    10
44026  10    10
45002  10    10
45081  10    10
45195  10    10
45259  10    10
45365   7    10
45496   8    10
45566   8    10
45640  10    10
45800  10    10
45849  10    10
45925  10    10
47088  10    10
48038  10    10
49059  10    10
49120  10    10
49220  10    10
49325  10    10
49358  10    10
49432   1    10
49627   0    10
49699   0    10
49770   0    10
49890   8    10
49972   6    10
50057   9    10
50129   5    10
50303   0    10
50316   0    10
50431   0    10
50527   0    10
50706   0    10
50767   0    10
50835   0    10
50917   0    10
52072   8    10
52135   6    10
52219   6    10
52299  10    10
52381   8    10
52483   7    10
52562   9    10
52705   6    10
52768   9    10
52883   5    10
52964   8    10
53056   4    10
53151   8    10
53248   7    10
53359   4    10
53485   0    10
53610   0    10
53721   0    10
53822   0    10
53921   0    10
53969   0    10
55044   9    10
55103   9    10
55240   8    10
55271   7    10
55439   0    10
55517   0    10
55615   0    10
55737   0    10
55762   0    10
55920   4    10
56027   8    10
57046   5    10
58060  10    10
58137   7    10
58206   7    10
58295   7    10
58426   8    10
58501   7    10
58569   0    10
58716   0    10
58794   0    10
58901   0    10
58958   0    10
60033   0    10
61015   0    10
62056   0    10
63001   5    10
63067   1    10
63235   0    10
63311   0    10
63414   0    10
63468   0    10
63629   4    10
63750   3    10
63771   7    10
63953   6    10
64057   5    10
65059   7    10
65157   4    10
65214   3    10
65367   3    10
65459   0    10
65514   2    10
65656   0    10
65708   0    10
65797   0    10
65879   0    10
65997   0    10
67088   0    10
68067   0    10
69049   0    10
70067   0    10
71009   0    10
72082   3    10
72043   2    10
72164   3    10
72246   6    10
72394   8    10
72455   5    10
72632   2    10
72688   2    10
72774   0    10
72940   0    10
72995   0    10
74079   2    10
74101   0    10
74115   0    10
74260   0    10
74336   0    10
74484   0    10
74579   0    10
74616   0    10
74720   0    10
74836   0    10
74960   0    10
76064   0    10
77042   0    10
78056   0    10
79011   0    10
80044   0    10
81077   0    10
82027   0    10
83053   0    10
84039   0    10
85035   0    10
86002   0    10
87060   0    10
88085   0    10
89019   0    10
90073   0    10
91054   0    10
92062   0    10
93071   0    10
94063   0    10
95063   0    10
96074   0    10
97040   0    10
98090   0    10
99012   0    10
100020   0    10
101098   0    10
102034   0    10
103020   0    10
104042   0    10
105007   0    10
106038   0    10
107014   0    10
108005   0    10
109084   0    10
110070   0    10
111006   0    10
112010   0    10
113044   0    10
114093   0    10
115011   0    10
