  300   0    11
  600  20    11
 1200  20    11
 2400  20    11
 4800  20    11
 9600  20    11
14400  20    11
19200  20    11
28800  20    11
38400  20    11
56000  20    11
57600   1    11
115200   0    11
256000   0    11
   99   0    11
 1056  10    11
 2068  10    11
 3054  10    11
 4099  10    11
 5067  10    11
 6057  10    11
 7091  10    11
 8003  10    11
 9010  10    11
10066  10    11
11043  10    11
12046  10    11
13079  10    11
14052  10    11
15038  10    11
16054  10    11
17050  10    11
18031  10    11
19100  10    11
20090  10    11
21032  10    11
22041  10    11
23019  10    11
24043  10    11
25009  10    11
26054  10    11
27081  10    11
28086  10    11
29001  10    11
30035  10    11
31037  10    11
32042  10    11
33033  10    11
34010  10    11
35049  10    11
36053  10    11
37021  10    11
38061  10    11
39076  10    11
40061  10    11
41033  10    11
42088  10    11
43066  10    11
44069  10    11
45027  10    11
46055  10    11
47097  10    11
48048  10    11
49017  10    11
49018  10    11
49184  10    11
49263  10    11
49413  10    11
49497  10    11
49540  10    11
49684  10    11
49738  10    11
49885   6    11
49934   8    11
51046  10    11
52075  10    11
53078  10    11
54069  10    11
54056  10    11
54154  10    11
54278  10    11
54425   0    11
54499   0    11
54548   0    11
54695   0    11
54790   0    11
54863   7    11
55022  10    11
56019  10    11
57026  10    11
58054  10    11
58177  10    11
58277  10    11
58354  10    11
58387  10    11
58545   0    11
58631   0    11
58777   0    11
58830   0    11
58952   0    11
59005   0    11
59136   6    11
59236   7    11
59306   7    11
59430   8    11
59491   6    11
59632   4    11
59682   4    11
59876   0    11
59889   0    11
59998   0    11
61099   0    11
62004   0    11
63001   0    11
64030   2    11
64066   4    11
64195   0    11
64341   0    11
64402   0    11
64492   0    11
64561   0    11
64653   0    11
64795   0    11
64927   0    11
65027   0    11
66098   0    11
67021   4    11
67089   0    11
67259   0    11
67356   0    11
67450   0    11
67558   0    11
67678   0    11
67722   0    11
67803   0    11
67946   0    11
68022   0    11
69062   0    11
70007   0    11
71069   0    11
72067   0    11
73006   3    11
73061   0    11
73117   0    11
73302   0    11
73316   0    11
73499   0    11
73543   0    11
73650   0    11
73743   0    11
73880   0    11
73988   0    11
75047   0    11
76039   0    11
77078   0    11
78060   0    11
79097   0    11
80035   0    11
81019   0    11
82021   0    11
83085   0    11
84082   0    11
85023   0    11
86039   0    11
87036   0    11
88091   0    11
89091   0    11
90036   0    11
91062   0    11
92016   0    11
93026   0    11
94053   0    11
95096   0    11
96074   0    11
97075   0    11
98063   0    11
99073   0    11
100052   0    11
101058   0    11
102009   0    11
103039   0    11
104027   0    11
105061   0    11
106035   0    11
107035   0    11
108047   0    11
109061   0    11
110056   0    11
111013   0    11
112016   0    11
113049   0    11
114002   0    11
115007   0    11