  300   0    12
  600  20    12
 1200  20    12
 2400  20    12
 4800  20    12
 9600  20    12
14400  20    12
19200  20    12
28800  20    12
38400  20    12
56000  20    12
57600  20    12
115200   0    12
256000   0    12
   27   0    12
 1048  10    12
 2059  10    12
 3036  10    12
 4001  10    12
 5050  10    12
 6074  10    12
 7082  10    12
 8016  10    12
 9016  10    12
10073  10    12
11003  10    12
12001  10    12
13021  10    12
14015  10    12
15044  10    12
16017  10    12
17038  10    12
18094  10    12
19091  10    12
20044  10    12
21042  10    12
22032  10    12
23081  10    12
24076  10    12
25064  10    12
26100  10    12
27094  10    12
28014  10    12
29060  10    12
30090  10    12
31040  10    12
32098  10    12
33051  10    12
34038  10    12
35046  10    12
36029  10    12
37009  10    12
38087  10    12
39048  10    12
40047  10    12
41027  10    12
42072  10    12
43059  10    12
44085  10    12
45017  10    12
46100  10    12
47070  10    12
48017  10    12
49046  10    12
50022  10    12
51078  10    12
52051  10    12
53079  10    12
54059  10    12
55043  10    12
56030  10    12
57048  10    12
58082  10    12
59016  10    12
59181   3    12
59194   5    12
59317   3    12
59489   3    12
59500   3    12
59610   3    12
59753   8    12
59794   8    12
59916   8    12
60066   6    12
61080  10    12
62093  10    12
62097  10    12
62206   3    12
62301   5    12
62351   4    12
62483   7    12
62576   6    12
62664   3    12
62744   2    12
62847   5    12
62958   8    12
63092   8    12
63217   7    12
63278   8    12
63408   6    12
63528   7    12
63619   5    12
63727   7    12
63801   4    12
63917   8    12
64007   9    12
65064   0    12
66038   6    12
66051   6    12
66158   3    12
66292   5    12
66376   1    12
66512   0    12
66551   0    12
66643   0    12
66794   0    12
66936   0    12
66953   0    12
68044  10    12
68131  10    12
68190  10    12
68282  10    12
68411  10    12
68456  10    12
68637   0    12
68723   0    12
68802   0    12
68863   0    12
68947   0    12
69088   0    12
69141   0    12
69252   0    12
69368   4    12
69459   5    12
69618   5    12
69680   5    12
69764   4    12
69840   4    12
69954   2    12
71061   7    12
71103   7    12
71266   8    12
71328   7    12
71486   5    12
71558   7    12
71636   6    12
71732   5    12
71830   8    12
71940   0    12
72089   0    12
73069   0    12
74100   0    12
75013   0    12
76011   3    12
76103   3    12
76195   0    12
76246   0    12
76371   0    12
76439   0    12
76606   0    12
76666   0    12
76766   0    12
76839   0    12
77008   0    12
78057   0    12
79059   0    12
80043   6    12
80039   2    12
80188   5    12
80326   5    12
80363   0    12
80457   4    12
80550   0    12
80690   0    12
80743   0    12
80873   0    12
81034   0    12
82007   0    12
83061   0    12
84063   0    12
85074   0    12
86048   0    12
87045   0    12
88054   0    12
89011   0    12
90006   0    12
91008   0    12
92001   0    12
93020   0    12
94003   0    12
95072   0    12
96046   0    12
97065   0    12
98088   0    12
99095   0    12
100031   0    12
101090   0    12
102032   0    12
103027   0    12
104002   0    12
105013   0    12
106075   0    12
107049   0    12
108081   0    12
109040   0    12
110092   0    12
111045   0    12
112055   0    12
113014   0    12
114012   0    12
115096   0    12
