  300  19    1
  600   0    1
 1200  20    1
 2400  20    1
 4800  20    1
 9600   0    1
14400   0    1
19200   0    1
28800   0    1
38400   0    1
56000   0    1
57600   0    1
115200   0    1
256000   0    1
    8   9    1
  128   0    1
  183   0    1
  329   0    1
  412   0    1
  496   0    1
  641   0    1
  682   0    1
  846   0    1
  883   0    1
  985   0    1
 2004  10    1
 3012  10    1
 4085  10    1
 4107   0    1
 4249   0    1
 4301   0    1
 4400   0    1
 4480   0    1
 4650  10    1
 4705  10    1
 4868  10    1
 4875   6    1
 4994   0    1
 5052   0    1
 5160   0    1
 5294   0    1
 5359   0    1
 5477   4    1
 5569   0    1
 5711   0    1
 5808   0    1
 5902   0    1
 6036   0    1
 7019   0    1
 8087   0    1
 9003   0    1