  300  19    2
  600   0    2
 1200  20    2
 2400  20    2
 4800  20    2
 9600  20    2
14400   4    2
19200   0    2
28800   0    2
38400   0    2
56000   0    2
57600   0    2
115200   0    2
256000   0    2
   75   1    2
   15   0    2
  175   0    2
  275   0    2
  403   0    2
  500   0    2
  566   0    2
  664   0    2
  800   0    2
  861   0    2
 1000   0    2
 2100  10    2
 3036  10    2
 4093  10    2
 5014  10    2
 6058  10    2
 7079  10    2
 8019  10    2
 9068  10    2
 9033  10    2
 9138  10    2
 9316  10    2
 9419   6    2
 9457   0    2
 9608   0    2
 9697   0    2
 9800   0    2
 9889   0    2
10018   0    2
10059   9    2
10178   1    2
10272   0    2
10387   0    2
10439   0    2
10609   0    2
10722   1    2
10747   0    2
10836   0    2
10948   0    2
12076   0    2
13005   0    2
14084   0    2
15018   0    2
16062   0    2
17005   0    2
18067   0    2
19043   0    2