  300  19    3
  600   0    3
 1200  20    3
 2400  20    3
 4800  20    3
 9600  20    3
14400  20    3
19200   0    3
28800   0    3
38400   0    3
56000   0    3
57600   0    3
115200   0    3
256000   0    3
   81   0    3
 1008  10    3
 2086  10    3
 3096  10    3
 4082  10    3
 5100  10    3
 6074  10    3
 7072  10    3
 8041  10    3
 9067  10    3
10050  10    3
11094  10    3
12019  10    3
13026  10    3
14025  10    3
14017  10    3
14189  10    3
14286  10    3
14386  10    3
14451  10    3
14524  10    3
14697  10    3
14711  10    3
14837  10    3
14990   8    3
15122   4    3
15202  10    3
15353  10    3
15465  10    3
15493   6    3
15607   4    3
15782   1    3
15867   5    3
15947   4    3
15991   5    3
17057  10    3
17093  10    3
17231  10    3
17281   4    3
17406   3    3
17565   5    3
17616   4    3
17719   5    3
17802   6    3
17879   7    3
18002   8    3
18138   0    3
18224   1    3
18264   0    3
18375   0    3
18537   3    3
18586   0    3
18736   0    3
18792   0    3
18867   0    3
18967   0    3
