  300  19    4
  600   0    4
 1200  20    4
 2400  20    4
 4800  20    4
 9600  20    4
14400  20    4
19200  20    4
28800   4    4
38400   0    4
56000   0    4
57600   0    4
115200   0    4
256000   0    4
   51   0    4
 1023   0    4
 2078  10    4
 3098  10    4
 4095  10    4
 5033  10    4
 6016  10    4
 7099  10    4
 8031  10    4
 9082  10    4
10056  10    4
11053  10    4
12041  10    4
13051  10    4
14042  10    4
15027  10    4
16079  10    4
17013  10    4
18076  10    4
19099  10    4
19136  10    4
19171  10    4
19294  10    4
19416  10    4
19493   7    4
19623   5    4
19685   5    4
19756   6    4
19877   3    4
19991   7    4
20039   2    4
20217   2    4
20302   0    4
20364   0    4
20501   2    4
20556   4    4
20698   3    4
20814   4    4
20926   5    4
21002   2    4
22049   0    4
23073  10    4
23178   1    4
23241   0    4
23364   0    4
23395   0    4
23578   0    4
23613   0    4
23686   0    4
23831   0    4
23965   0    4
24041   0    4
25073   0    4
26029   0    4
27086   0    4
28093   0    4
29037   0    4
30057   0    4
31083   0    4
32095   0    4
33033   0    4
34047   0    4
35074   0    4
36003   0    4
37092   0    4
38046   0    4
