  300  19    5
  600   0    5
 1200  20    5
 2400  20    5
 4800  20    5
 9600  20    5
14400  20    5
19200  20    5
28800  15    5
38400   0    5
56000   0    5
57600   0    5
115200   0    5
256000   0    5
   80   0    5
 1051  10    5
 2025  10    5
 3010  10    5
 4063  10    5
 5056  10    5
 6005  10    5
 7026  10    5
 8026  10    5
 9039  10    5
10007  10    5
11065  10    5
12021  10    5
13060  10    5
14072  10    5
15072  10    5
16015  10    5
17032  10    5
18078  10    5
19038  10    5
20045  10    5
21025  10    5
22054  10    5
22081  10    5
22238  10    5
22344  10    5
22421   7    5
22505   8    5
22652   7    5
22769   8    5
22788   6    5
22927   6    5
23039   7    5
24064  10    5
24109  10    5
24245   8    5
24336   8    5
24383   0    5
24555   9    5
24663   2    5
24710   3    5
24865   7    5
24928   9    5
25035   6    5
25120   0    5
25205   0    5
25344   0    5
25412   4    5
25465   7    5
25626  10    5
25731  10    5
25764  10    5
25941  10    5
26016  10    5
27008   0    5
28045  10    5
28081   5    5
28228   0    5
28364   0    5
28439   0    5
28558   0    5
28641   0    5
28709   0    5
28843   5    5
28976   0    5
28983   0    5
30036   0    5
31026   0    5
32005   0    5
33042   0    5
34081   0    5
35073   0    5
36090   2    5
36147   4    5
36217   3    5
36286   0    5
36433   0    5
36489   0    5
36664   0    5
36700   0    5
36793   0    5
36907   0    5
37068   0    5
38045   0    5
