  300  19    6
  600   0    6
 1200  20    6
 2400  20    6
 4800  20    6
 9600  20    6
14400  20    6
19200  20    6
28800  20    6
38400   0    6
56000   0    6
57600   0    6
115200   0    6
256000   0    6
   88   0    6
 1057  10    6
 2070  10    6
 3093  10    6
 4002  10    6
 5062  10    6
 6020  10    6
 7020  10    6
 8083  10    6
 9086  10    6
10067  10    6
11021  10    6
12081  10    6
13051  10    6
14003  10    6
15076  10    6
16090  10    6
17091  10    6
18019  10    6
19004  10    6
20054  10    6
21037  10    6
22055  10    6
23010  10    6
24096  10    6
25032  10    6
26066  10    6
27056  10    6
28066  10    6
29069  10    6
29101  10    6
29159   9    6
29239   3    6
29428   9    6
29503   8    6
29589   9    6
29654   6    6
29823  10    6
29933   8    6
30001   9    6
31029  10    6
31014  10    6
31197   3    6
31261   2    6
31358  10    6
31461  10    6
31547  10    6
31612   7    6
31791  10    6
31861   7    6
31985   6    6
32091   1    6
32162   0    6
32262   8    6
32415   0    6
32546   0    6
32645   0    6
32723   0    6
32837   0    6
32935   0    6
33005   0    6
34009  10    6
35048  10    6
35170  10    6
35257   0    6
35389   0    6
35452   0    6
35574   0    6
35669   0    6
35771   0    6
35875   0    6
35991   0    6
36001   0    6
36102   1    6
36207   0    6
36346   3    6
36433   0    6
36481   0    6
36596   0    6
36731   0    6
36832   0    6
36893   0    6
37030   0    6
38042   7    6
