  300  19    7
  600   0    7
 1200  20    7
 2400  20    7
 4800  20    7
 9600  20    7
14400  20    7
19200  20    7
28800  20    7
38400   4    7
56000   0    7
57600   0    7
115200   0    7
256000   0    7
   61   0    7
 1005  10    7
 2009  10    7
 3065  10    7
 4062  10    7
 5076  10    7
 6023  10    7
 7079  10    7
 8058  10    7
 9005  10    7
10011  10    7
11069  10    7
12075  10    7
13095  10    7
14059  10    7
15076  10    7
16027  10    7
17027  10    7
18034  10    7
19028  10    7
20058  10    7
21029  10    7
22006  10    7
23063  10    7
24059  10    7
25081  10    7
26075  10    7
27065  10    7
28040  10    7
29030  10    7
30095  10    7
31009  10    7
31181  10    7
31195  10    7
31292  10    7
31468  10    7
31562  10    7
31584  10    7
31714   5    7
31861  10    7
31946  10    7
31996  10    7
33014  10    7
33032  10    7
33213  10    7
33301  10    7
33395  10    7
33436  10    7
33581  10    7
33663  10    7
33793  10    7
33864   8    7
33999   0    7
35084  10    7
36080  10    7
37070  10    7
37053  10    7
37164   6    7
37256   4    7
37401   3    7
37499   0    7
37620   7    7
37656  10    7
37794   7    7
37888   0    7
38010   0    7
38138   1    7
38242   0    7
38297   0    7
38413   1    7
38507   0    7
38618   0    7
38769   0    7
38857   0    7
38969   0    7
38970   0    7
40096   3    7
40038   8    7
40202   1    7
40263   1    7
40343   3    7
40526   1    7
40550   0    7
40674   0    7
40820   9    7
40841   7    7
40941   9    7
42084   0    7
43051   0    7
44015   1    7
44099   1    7
44191   0    7
44364   0    7
44417   0    7
44524   0    7
44611   8    7
44737  10    7
44839  10    7
44906  10    7
45045   0    7
45030   0    7
45137   0    7
45290   0    7
45346   0    7
45465   0    7
45588   0    7
45698   0    7
45726   0    7
45856   0    7
45912   0    7
47020   0    7
48099   0    7
49073   0    7
50062   0    7
51027   0    7
52029   0    7
53002   0    7
54056   0    7
55044   0    7
