  300  19    8
  600   0    8
 1200  20    8
 2400  20    8
 4800  20    8
 9600  20    8
14400  20    8
19200  20    8
28800  20    8
38400  20    8
56000   0    8
57600   4    8
115200   0    8
256000   0    8
   56   0    8
 1079   0    8
 2053  10    8
 3087  10    8
 4079  10    8
 5054  10    8
 6060  10    8
 7095  10    8
 8069  10    8
 9018  10    8
10034  10    8
11039  10    8
12032  10    8
13051  10    8
14017  10    8
15065  10    8
16017  10    8
17061  10    8
18072  10    8
19036  10    8
20064  10    8
21023  10    8
22050  10    8
23004  10    8
24010  10    8
25052  10    8
26050  10    8
27034  10    8
28047  10    8
29077  10    8
30039  10    8
31010  10    8
32054  10    8
33071  10    8
34021  10    8
35085  10    8
36098  10    8
37091  10    8
38090  10    8
38095  10    8
38210  10    8
38338  10    8
38419  10    8
38471  10    8
38604   9    8
38739   8    8
38827   7    8
38892   3    8
39022   0    8
39055   4    8
39191   9    8
39271  10    8
39377   4    8
39445   3    8
39508   5    8
39636  10    8
39722  10    8
39880   6    8
39938   8    8
41038  10    8
41061  10    8
41247  10    8
41358  10    8
41438  10    8
41515  10    8
41641   1    8
41695   6    8
41803   2    8
41958   4    8
42036   0    8
42091   2    8
42185   9    8
42233  10    8
42365  10    8
42465   4    8
42548   7    8
42682   7    8
42753  10    8
42825   3    8
42922   0    8
44096   0    8
45016   0    8
46038   6    8
46102   8    8
46197   8    8
46290   8    8
46451   2    8
46573   5    8
46618   5    8
46749   0    8
46853   0    8
46903   0    8
46996   0    8
48074   0    8
49053   0    8
50069   0    8
51045   1    8
51117   0    8
51176   0    8
51278   0    8
51393   0    8
51526   0    8
51563   0    8
51737   0    8
51793   0    8
51906   0    8
52042   4    8
53038   0    8
54041   0    8
55057   0    8
56059   0    8
57041   0    8
58077   0    8
59083   0    8
60025   0    8
61034   0    8
62093   0    8
63040   0    8
64008   0    8
65017   0    8
66070   0    8
67032   0    8
68051   0    8
69089   0    8
70087   0    8
71058   0    8
72031   0    8
73009   0    8
74016   0    8
75020   0    8
76046   0    8
77079   0    8
78006   0    8
79074   0    8
80054   0    8
81041   0    8
82083   0    8
83044   0    8
84088   0    8
85003   0    8
86029   0    8
87056   0    8
88050   0    8
89098   0    8
90031   0    8
91064   0    8
92099   0    8
93009   0    8
94017   0    8
95042   0    8
96010   0    8
97091   0    8
98095   0    8
99070   0    8
100002   0    8
101078   0    8
102018   0    8
103078   0    8
104036   0    8
105039   0    8
106087   0    8
107035   0    8
108074   0    8
109015   0    8
110022   0    8
111075   0    8
112005   0    8
113078   0    8
114081   0    8
115042   0    8