  300  19    9
  600   0    9
 1200  20    9
 2400  20    9
 4800  20    9
 9600  20    9
14400  20    9
19200  20    9
28800  20    9
38400  20    9
56000   0    9
57600   0    9
115200   0    9
256000   0    9
   37   0    9
 1036  10    9
 2019  10    9
 3014  10    9
 4066  10    9
 5017  10    9
 6061  10    9
 7088  10    9
 8094  10    9
 9058  10    9
10032  10    9
11069  10    9
12036  10    9
13022  10    9
14017  10    9
15025  10    9
16099  10    9
17063  10    9
18060  10    9
19003  10    9
20038  10    9
21043  10    9
22024  10    9
23044  10    9
24044  10    9
25005  10    9
26097  10    9
27014  10    9
28077  10    9
29066  10    9
30025  10    9
31046  10    9
32074  10    9
33005  10    9
34011  10    9
35057  10    9
36054  10    9
37050  10    9
38099  10    9
39027  10    9
40053  10    9
41073  10    9
42002  10    9
43008  10    9
44039  10    9
45087  10    9
46027  10    9
46114  10    9
46171  10    9
46274  10    9
46383  10    9
46493  10    9
46561  10    9
46646  10    9
46782   2    9
46907   0    9
47023   2    9
47145   1    9
47268   0    9
47319   0    9
47388   0    9
47496   9    9
47595  10    9
47753  10    9
47864   1    9
47883   0    9
48014   0    9
49020   5    9
49054   6    9
49145   5    9
49324   5    9
49391   6    9
49457   0    9
49575   0    9
49673   0    9
49772   0    9
49883   0    9
50039   0    9
51003   0    9
52040   1    9
52061   3    9
52205   0    9
52252   0    9
52366   0    9
52530   0    9
52610   0    9
52681   0    9
52807   0    9
52923   0    9
52953   0    9
54069   0    9
55068   3    9