  300  9    1
  600   0    1
 1200  10    1
 2400  10    1
 4800  10    1
 9600   0    1
14400   0    1
19200   0    1
28800   0    1
38400   0    1
56000   0    1
57600   0    1
115200   0    1
256000   0    1
    8   9    1
  128   0    1
  183   0    1
  329   0    1
  412   0    1
  496   0    1
  641   0    1
  682   0    1
  846   0    1
  883   0    1
  985   0    1
 2004  10    1
 3012  10    1
 4085  10    1
 4107   0    1
 4249   0    1
 4301   0    1
 4400   0    1
 4480   0    1
 4650  10    1
 4705  10    1
 4868  10    1
 4875   6    1
 4994   0    1
 5052   0    1
 5160   0    1
 5294   0    1
 5359   0    1
 5477   4    1
 5569   0    1
 5711   0    1
 5808   0    1
 5902   0    1
 6036   0    1
 7019   0    1
 8087   0    1
 9003   0    1
   300  9    2
  600   0    2
 1200  10    2
 2400  10    2
 4800  10    2
 9600  10    2
14400   2    2
19200   0    2
28800   0    2
38400   0    2
56000   0    2
57600   0    2
115200   0    2
256000   0    2
   75   1    2
   15   0    2
  175   0    2
  275   0    2
  403   0    2
  500   0    2
  566   0    2
  664   0    2
  800   0    2
  861   0    2
 1000   0    2
 2100  10    2
 3036  10    2
 4093  10    2
 5014  10    2
 6058  10    2
 7079  10    2
 8019  10    2
 9068  10    2
 9033  10    2
 9138  10    2
 9316  10    2
 9419   6    2
 9457   0    2
 9608   0    2
 9697   0    2
 9800   0    2
 9889   0    2
10018   0    2
10059   9    2
10178   1    2
10272   0    2
10387   0    2
10439   0    2
10609   0    2
10722   1    2
10747   0    2
10836   0    2
10948   0    2
12076   0    2
13005   0    2
14084   0    2
15018   0    2
16062   0    2
17005   0    2
18067   0    2
19043   0    2
  300  9    3
  600   0    3
 1200  10    3
 2400  10    3
 4800  10    3
 9600  10    3
14400  10    3
19200   0    3
28800   0    3
38400   0    3
56000   0    3
57600   0    3
115200   0    3
256000   0    3
   81   0    3
 1008  10    3
 2086  10    3
 3096  10    3
 4082  10    3
 5100  10    3
 6074  10    3
 7072  10    3
 8041  10    3
 9067  10    3
10050  10    3
11094  10    3
12019  10    3
13026  10    3
14025  10    3
14017  10    3
14189  10    3
14286  10    3
14386  10    3
14451  10    3
14524  10    3
14697  10    3
14711  10    3
14837  10    3
14990   8    3
15122   4    3
15202  10    3
15353  10    3
15465  10    3
15493   6    3
15607   4    3
15782   1    3
15867   5    3
15947   4    3
15991   5    3
17057  10    3
17093  10    3
17231  10    3
17281   4    3
17406   3    3
17565   5    3
17616   4    3
17719   5    3
17802   6    3
17879   7    3
18002   8    3
18138   0    3
18224   1    3
18264   0    3
18375   0    3
18537   3    3
18586   0    3
18736   0    3
18792   0    3
18867   0    3
18967   0    3
  300  9    4
  600   0    4
 1200  10    4
 2400  10    4
 4800  10    4
 9600  10    4
14400  10    4
19200  10    4
28800   2    4
38400   0    4
56000   0    4
57600   0    4
115200   0    4
256000   0    4
   51   0    4
 1023   0    4
 2078  10    4
 3098  10    4
 4095  10    4
 5033  10    4
 6016  10    4
 7099  10    4
 8031  10    4
 9082  10    4
10056  10    4
11053  10    4
12041  10    4
13051  10    4
14042  10    4
15027  10    4
16079  10    4
17013  10    4
18076  10    4
19099  10    4
19136  10    4
19171  10    4
19294  10    4
19416  10    4
19493   7    4
19623   5    4
19685   5    4
19756   6    4
19877   3    4
19991   7    4
20039   2    4
20217   2    4
20302   0    4
20364   0    4
20501   2    4
20556   4    4
20698   3    4
20814   4    4
20926   5    4
21002   2    4
22049   0    4
23073  10    4
23178   1    4
23241   0    4
23364   0    4
23395   0    4
23578   0    4
23613   0    4
23686   0    4
23831   0    4
23965   0    4
24041   0    4
25073   0    4
26029   0    4
27086   0    4
28093   0    4
29037   0    4
30057   0    4
31083   0    4
32095   0    4
33033   0    4
34047   0    4
35074   0    4
36003   0    4
37092   0    4
38046   0    4
  300  9    5
  600   0    5
 1200  10    5
 2400  10    5
 4800  10    5
 9600  10    5
14400  10    5
19200  10    5
28800  8    5
38400   0    5
56000   0    5
57600   0    5
115200   0    5
256000   0    5
   80   0    5
 1051  10    5
 2025  10    5
 3010  10    5
 4063  10    5
 5056  10    5
 6005  10    5
 7026  10    5
 8026  10    5
 9039  10    5
10007  10    5
11065  10    5
12021  10    5
13060  10    5
14072  10    5
15072  10    5
16015  10    5
17032  10    5
18078  10    5
19038  10    5
20045  10    5
21025  10    5
22054  10    5
22081  10    5
22238  10    5
22344  10    5
22421   7    5
22505   8    5
22652   7    5
22769   8    5
22788   6    5
22927   6    5
23039   7    5
24064  10    5
24109  10    5
24245   8    5
24336   8    5
24383   0    5
24555   9    5
24663   2    5
24710   3    5
24865   7    5
24928   9    5
25035   6    5
25120   0    5
25205   0    5
25344   0    5
25412   4    5
25465   7    5
25626  10    5
25731  10    5
25764  10    5
25941  10    5
26016  10    5
27008   0    5
28045  10    5
28081   5    5
28228   0    5
28364   0    5
28439   0    5
28558   0    5
28641   0    5
28709   0    5
28843   5    5
28976   0    5
28983   0    5
30036   0    5
31026   0    5
32005   0    5
33042   0    5
34081   0    5
35073   0    5
36090   2    5
36147   4    5
36217   3    5
36286   0    5
36433   0    5
36489   0    5
36664   0    5
36700   0    5
36793   0    5
36907   0    5
37068   0    5
38045   0    5
  300  9    6
  600   0    6
 1200  10    6
 2400  10    6
 4800  10    6
 9600  10    6
14400  10    6
19200  10    6
28800  10    6
38400   0    6
56000   0    6
57600   0    6
115200   0    6
256000   0    6
   88   0    6
 1057  10    6
 2070  10    6
 3093  10    6
 4002  10    6
 5062  10    6
 6020  10    6
 7020  10    6
 8083  10    6
 9086  10    6
10067  10    6
11021  10    6
12081  10    6
13051  10    6
14003  10    6
15076  10    6
16090  10    6
17091  10    6
18019  10    6
19004  10    6
20054  10    6
21037  10    6
22055  10    6
23010  10    6
24096  10    6
25032  10    6
26066  10    6
27056  10    6
28066  10    6
29069  10    6
29101  10    6
29159   9    6
29239   3    6
29428   9    6
29503   8    6
29589   9    6
29654   6    6
29823  10    6
29933   8    6
30001   9    6
31029  10    6
31014  10    6
31197   3    6
31261   2    6
31358  10    6
31461  10    6
31547  10    6
31612   7    6
31791  10    6
31861   7    6
31985   6    6
32091   1    6
32162   0    6
32262   8    6
32415   0    6
32546   0    6
32645   0    6
32723   0    6
32837   0    6
32935   0    6
33005   0    6
34009  10    6
35048  10    6
35170  10    6
35257   0    6
35389   0    6
35452   0    6
35574   0    6
35669   0    6
35771   0    6
35875   0    6
35991   0    6
36001   0    6
36102   1    6
36207   0    6
36346   3    6
36433   0    6
36481   0    6
36596   0    6
36731   0    6
36832   0    6
36893   0    6
37030   0    6
38042   7    6
  300  9    7
  600   0    7
 1200  10    7
 2400  10    7
 4800  10    7
 9600  10    7
14400  10    7
19200  10    7
28800  10    7
38400   2    7
56000   0    7
57600   0    7
115200   0    7
256000   0    7
   61   0    7
 1005  10    7
 2009  10    7
 3065  10    7
 4062  10    7
 5076  10    7
 6023  10    7
 7079  10    7
 8058  10    7
 9005  10    7
10011  10    7
11069  10    7
12075  10    7
13095  10    7
14059  10    7
15076  10    7
16027  10    7
17027  10    7
18034  10    7
19028  10    7
20058  10    7
21029  10    7
22006  10    7
23063  10    7
24059  10    7
25081  10    7
26075  10    7
27065  10    7
28040  10    7
29030  10    7
30095  10    7
31009  10    7
31181  10    7
31195  10    7
31292  10    7
31468  10    7
31562  10    7
31584  10    7
31714   5    7
31861  10    7
31946  10    7
31996  10    7
33014  10    7
33032  10    7
33213  10    7
33301  10    7
33395  10    7
33436  10    7
33581  10    7
33663  10    7
33793  10    7
33864   8    7
33999   0    7
35084  10    7
36080  10    7
37070  10    7
37053  10    7
37164   6    7
37256   4    7
37401   3    7
37499   0    7
37620   7    7
37656  10    7
37794   7    7
37888   0    7
38010   0    7
38138   1    7
38242   0    7
38297   0    7
38413   1    7
38507   0    7
38618   0    7
38769   0    7
38857   0    7
38969   0    7
38970   0    7
40096   3    7
40038   8    7
40202   1    7
40263   1    7
40343   3    7
40526   1    7
40550   0    7
40674   0    7
40820   9    7
40841   7    7
40941   9    7
42084   0    7
43051   0    7
44015   1    7
44099   1    7
44191   0    7
44364   0    7
44417   0    7
44524   0    7
44611   8    7
44737  10    7
44839  10    7
44906  10    7
45045   0    7
45030   0    7
45137   0    7
45290   0    7
45346   0    7
45465   0    7
45588   0    7
45698   0    7
45726   0    7
45856   0    7
45912   0    7
47020   0    7
48099   0    7
49073   0    7
50062   0    7
51027   0    7
52029   0    7
53002   0    7
54056   0    7
55044   0    7
  300  9    8
  600   0    8
 1200  10    8
 2400  10    8
 4800  10    8
 9600  10    8
14400  10    8
19200  10    8
28800  10    8
38400  10    8
56000   0    8
57600   2    8
115200   0    8
256000   0    8
   56   0    8
 1079   0    8
 2053  10    8
 3087  10    8
 4079  10    8
 5054  10    8
 6060  10    8
 7095  10    8
 8069  10    8
 9018  10    8
10034  10    8
11039  10    8
12032  10    8
13051  10    8
14017  10    8
15065  10    8
16017  10    8
17061  10    8
18072  10    8
19036  10    8
20064  10    8
21023  10    8
22050  10    8
23004  10    8
24010  10    8
25052  10    8
26050  10    8
27034  10    8
28047  10    8
29077  10    8
30039  10    8
31010  10    8
32054  10    8
33071  10    8
34021  10    8
35085  10    8
36098  10    8
37091  10    8
38090  10    8
38095  10    8
38210  10    8
38338  10    8
38419  10    8
38471  10    8
38604   9    8
38739   8    8
38827   7    8
38892   3    8
39022   0    8
39055   4    8
39191   9    8
39271  10    8
39377   4    8
39445   3    8
39508   5    8
39636  10    8
39722  10    8
39880   6    8
39938   8    8
41038  10    8
41061  10    8
41247  10    8
41358  10    8
41438  10    8
41515  10    8
41641   1    8
41695   6    8
41803   2    8
41958   4    8
42036   0    8
42091   2    8
42185   9    8
42233  10    8
42365  10    8
42465   4    8
42548   7    8
42682   7    8
42753  10    8
42825   3    8
42922   0    8
44096   0    8
45016   0    8
46038   6    8
46102   8    8
46197   8    8
46290   8    8
46451   2    8
46573   5    8
46618   5    8
46749   0    8
46853   0    8
46903   0    8
46996   0    8
48074   0    8
49053   0    8
50069   0    8
51045   1    8
51117   0    8
51176   0    8
51278   0    8
51393   0    8
51526   0    8
51563   0    8
51737   0    8
51793   0    8
51906   0    8
52042   4    8
53038   0    8
54041   0    8
55057   0    8
56059   0    8
57041   0    8
58077   0    8
59083   0    8
60025   0    8
61034   0    8
62093   0    8
63040   0    8
64008   0    8
65017   0    8
66070   0    8
67032   0    8
68051   0    8
69089   0    8
70087   0    8
71058   0    8
72031   0    8
73009   0    8
74016   0    8
75020   0    8
76046   0    8
77079   0    8
78006   0    8
79074   0    8
80054   0    8
81041   0    8
82083   0    8
83044   0    8
84088   0    8
85003   0    8
86029   0    8
87056   0    8
88050   0    8
89098   0    8
90031   0    8
91064   0    8
92099   0    8
93009   0    8
94017   0    8
95042   0    8
96010   0    8
97091   0    8
98095   0    8
99070   0    8
100002   0    8
101078   0    8
102018   0    8
103078   0    8
104036   0    8
105039   0    8
106087   0    8
107035   0    8
108074   0    8
109015   0    8
110022   0    8
111075   0    8
112005   0    8
113078   0    8
114081   0    8
115042   0    8
  300   0   9
  600   9    9
 1200  10    9
 2400  10    9
 4800  10    9
 9600  10    9
14400  10    9
19200  10    9
28800  10    9
38400  10    9
56000   0    9
57600   0    9
115200   0    9
256000   0    9
   37   0    9
 1036  10    9
 2019  10    9
 3014  10    9
 4066  10    9
 5017  10    9
 6061  10    9
 7088  10    9
 8094  10    9
 9058  10    9
10032  10    9
11069  10    9
12036  10    9
13022  10    9
14017  10    9
15025  10    9
16099  10    9
17063  10    9
18060  10    9
19003  10    9
20038  10    9
21043  10    9
22024  10    9
23044  10    9
24044  10    9
25005  10    9
26097  10    9
27014  10    9
28077  10    9
29066  10    9
30025  10    9
31046  10    9
32074  10    9
33005  10    9
34011  10    9
35057  10    9
36054  10    9
37050  10    9
38099  10    9
39027  10    9
40053  10    9
41073  10    9
42002  10    9
43008  10    9
44039  10    9
45087  10    9
46027  10    9
46114  10    9
46171  10    9
46274  10    9
46383  10    9
46493  10    9
46561  10    9
46646  10    9
46782   2    9
46907   0    9
47023   2    9
47145   1    9
47268   0    9
47319   0    9
47388   0    9
47496   9    9
47595  10    9
47753  10    9
47864   1    9
47883   0    9
48014   0    9
49020   5    9
49054   6    9
49145   5    9
49324   5    9
49391   6    9
49457   0    9
49575   0    9
49673   0    9
49772   0    9
49883   0    9
50039   0    9
51003   0    9
52040   1    9
52061   3    9
52205   0    9
52252   0    9
52366   0    9
52530   0    9
52610   0    9
52681   0    9
52807   0    9
52923   0    9
52953   0    9
54069   0    9
55068   3    9
  300   0    10
  600  10    10
 1200  10    10
 2400  10    10
 4800  10    10
 9600  10    10
14400  10    10
19200  10    10
28800  10    10
38400  10    10
56000  6    10
57600  7    10
115200   0    10
256000   0    10
   32   0    10
 1063  10    10
 2023  10    10
 3053  10    10
 4041  10    10
 5088  10    10
 6039  10    10
 7070  10    10
 8071  10    10
 9077  10    10
10041  10    10
11024  10    10
12088  10    10
13053  10    10
14061  10    10
15070  10    10
16093  10    10
17087  10    10
18050  10    10
19035  10    10
20090  10    10
21020  10    10
22020  10    10
23089  10    10
24075  10    10
25068  10    10
26057  10    10
27020  10    10
28095  10    10
29028  10    10
30062  10    10
31031  10    10
32008  10    10
33072  10    10
34074  10    10
35045  10    10
36026  10    10
37053  10    10
38045  10    10
39049  10    10
40035  10    10
41071  10    10
42089  10    10
43034  10    10
44026  10    10
45002  10    10
45081  10    10
45195  10    10
45259  10    10
45365   7    10
45496   8    10
45566   8    10
45640  10    10
45800  10    10
45849  10    10
45925  10    10
47088  10    10
48038  10    10
49059  10    10
49120  10    10
49220  10    10
49325  10    10
49358  10    10
49432   1    10
49627   0    10
49699   0    10
49770   0    10
49890   8    10
49972   6    10
50057   9    10
50129   5    10
50303   0    10
50316   0    10
50431   0    10
50527   0    10
50706   0    10
50767   0    10
50835   0    10
50917   0    10
52072   8    10
52135   6    10
52219   6    10
52299  10    10
52381   8    10
52483   7    10
52562   9    10
52705   6    10
52768   9    10
52883   5    10
52964   8    10
53056   4    10
53151   8    10
53248   7    10
53359   4    10
53485   0    10
53610   0    10
53721   0    10
53822   0    10
53921   0    10
53969   0    10
55044   9    10
55103   9    10
55240   8    10
55271   7    10
55439   0    10
55517   0    10
55615   0    10
55737   0    10
55762   0    10
55920   4    10
56027   8    10
57046   5    10
58060  10    10
58137   7    10
58206   7    10
58295   7    10
58426   8    10
58501   7    10
58569   0    10
58716   0    10
58794   0    10
58901   0    10
58958   0    10
60033   0    10
61015   0    10
62056   0    10
63001   5    10
63067   1    10
63235   0    10
63311   0    10
63414   0    10
63468   0    10
63629   4    10
63750   3    10
63771   7    10
63953   6    10
64057   5    10
65059   7    10
65157   4    10
65214   3    10
65367   3    10
65459   0    10
65514   2    10
65656   0    10
65708   0    10
65797   0    10
65879   0    10
65997   0    10
67088   0    10
68067   0    10
69049   0    10
70067   0    10
71009   0    10
72082   3    10
72043   2    10
72164   3    10
72246   6    10
72394   8    10
72455   5    10
72632   2    10
72688   2    10
72774   0    10
72940   0    10
72995   0    10
74079   2    10
74101   0    10
74115   0    10
74260   0    10
74336   0    10
74484   0    10
74579   0    10
74616   0    10
74720   0    10
74836   0    10
74960   0    10
76064   0    10
77042   0    10
78056   0    10
79011   0    10
80044   0    10
81077   0    10
82027   0    10
83053   0    10
84039   0    10
85035   0    10
86002   0    10
87060   0    10
88085   0    10
89019   0    10
90073   0    10
91054   0    10
92062   0    10
93071   0    10
94063   0    10
95063   0    10
96074   0    10
97040   0    10
98090   0    10
99012   0    10
100020   0    10
101098   0    10
102034   0    10
103020   0    10
104042   0    10
105007   0    10
106038   0    10
107014   0    10
108005   0    10
109084   0    10
110070   0    10
111006   0    10
112010   0    10
113044   0    10
114093   0    10
115011   0    10
  300   0    11
  600  10    11
 1200  10    11
 2400  10    11
 4800  10    11
 9600  10    11
14400  10    11
19200  10    11
28800  10    11
38400  10    11
56000  10    11
57600   1    11
115200   0    11
256000   0    11
   99   0    11
 1056  10    11
 2068  10    11
 3054  10    11
 4099  10    11
 5067  10    11
 6057  10    11
 7091  10    11
 8003  10    11
 9010  10    11
10066  10    11
11043  10    11
12046  10    11
13079  10    11
14052  10    11
15038  10    11
16054  10    11
17050  10    11
18031  10    11
19100  10    11
20090  10    11
21032  10    11
22041  10    11
23019  10    11
24043  10    11
25009  10    11
26054  10    11
27081  10    11
28086  10    11
29001  10    11
30035  10    11
31037  10    11
32042  10    11
33033  10    11
34010  10    11
35049  10    11
36053  10    11
37021  10    11
38061  10    11
39076  10    11
40061  10    11
41033  10    11
42088  10    11
43066  10    11
44069  10    11
45027  10    11
46055  10    11
47097  10    11
48048  10    11
49017  10    11
49018  10    11
49184  10    11
49263  10    11
49413  10    11
49497  10    11
49540  10    11
49684  10    11
49738  10    11
49885   6    11
49934   8    11
51046  10    11
52075  10    11
53078  10    11
54069  10    11
54056  10    11
54154  10    11
54278  10    11
54425   0    11
54499   0    11
54548   0    11
54695   0    11
54790   0    11
54863   7    11
55022  10    11
56019  10    11
57026  10    11
58054  10    11
58177  10    11
58277  10    11
58354  10    11
58387  10    11
58545   0    11
58631   0    11
58777   0    11
58830   0    11
58952   0    11
59005   0    11
59136   6    11
59236   7    11
59306   7    11
59430   8    11
59491   6    11
59632   4    11
59682   4    11
59876   0    11
59889   0    11
59998   0    11
61099   0    11
62004   0    11
63001   0    11
64030   2    11
64066   4    11
64195   0    11
64341   0    11
64402   0    11
64492   0    11
64561   0    11
64653   0    11
64795   0    11
64927   0    11
65027   0    11
66098   0    11
67021   4    11
67089   0    11
67259   0    11
67356   0    11
67450   0    11
67558   0    11
67678   0    11
67722   0    11
67803   0    11
67946   0    11
68022   0    11
69062   0    11
70007   0    11
71069   0    11
72067   0    11
73006   3    11
73061   0    11
73117   0    11
73302   0    11
73316   0    11
73499   0    11
73543   0    11
73650   0    11
73743   0    11
73880   0    11
73988   0    11
75047   0    11
76039   0    11
77078   0    11
78060   0    11
79097   0    11
80035   0    11
81019   0    11
82021   0    11
83085   0    11
84082   0    11
85023   0    11
86039   0    11
87036   0    11
88091   0    11
89091   0    11
90036   0    11
91062   0    11
92016   0    11
93026   0    11
94053   0    11
95096   0    11
96074   0    11
97075   0    11
98063   0    11
99073   0    11
100052   0    11
101058   0    11
102009   0    11
103039   0    11
104027   0    11
105061   0    11
106035   0    11
107035   0    11
108047   0    11
109061   0    11
110056   0    11
111013   0    11
112016   0    11
113049   0    11
114002   0    11
115007   0    11
  300   0    12
  600  10    12
 1200  10    12
 2400  10    12
 4800  10    12
 9600  10    12
14400  10    12
19200  10    12
28800  10    12
38400  10    12
56000  10    12
57600  10    12
115200   0    12
256000   0    12
   27   0    12
 1048  10    12
 2059  10    12
 3036  10    12
 4001  10    12
 5050  10    12
 6074  10    12
 7082  10    12
 8016  10    12
 9016  10    12
10073  10    12
11003  10    12
12001  10    12
13021  10    12
14015  10    12
15044  10    12
16017  10    12
17038  10    12
18094  10    12
19091  10    12
20044  10    12
21042  10    12
22032  10    12
23081  10    12
24076  10    12
25064  10    12
26100  10    12
27094  10    12
28014  10    12
29060  10    12
30090  10    12
31040  10    12
32098  10    12
33051  10    12
34038  10    12
35046  10    12
36029  10    12
37009  10    12
38087  10    12
39048  10    12
40047  10    12
41027  10    12
42072  10    12
43059  10    12
44085  10    12
45017  10    12
46100  10    12
47070  10    12
48017  10    12
49046  10    12
50022  10    12
51078  10    12
52051  10    12
53079  10    12
54059  10    12
55043  10    12
56030  10    12
57048  10    12
58082  10    12
59016  10    12
59181   3    12
59194   5    12
59317   3    12
59489   3    12
59500   3    12
59610   3    12
59753   8    12
59794   8    12
59916   8    12
60066   6    12
61080  10    12
62093  10    12
62097  10    12
62206   3    12
62301   5    12
62351   4    12
62483   7    12
62576   6    12
62664   3    12
62744   2    12
62847   5    12
62958   8    12
63092   8    12
63217   7    12
63278   8    12
63408   6    12
63528   7    12
63619   5    12
63727   7    12
63801   4    12
63917   8    12
64007   9    12
65064   0    12
66038   6    12
66051   6    12
66158   3    12
66292   5    12
66376   1    12
66512   0    12
66551   0    12
66643   0    12
66794   0    12
66936   0    12
66953   0    12
68044  10    12
68131  10    12
68190  10    12
68282  10    12
68411  10    12
68456  10    12
68637   0    12
68723   0    12
68802   0    12
68863   0    12
68947   0    12
69088   0    12
69141   0    12
69252   0    12
69368   4    12
69459   5    12
69618   5    12
69680   5    12
69764   4    12
69840   4    12
69954   2    12
71061   7    12
71103   7    12
71266   8    12
71328   7    12
71486   5    12
71558   7    12
71636   6    12
71732   5    12
71830   8    12
71940   0    12
72089   0    12
73069   0    12
74100   0    12
75013   0    12
76011   3    12
76103   3    12
76195   0    12
76246   0    12
76371   0    12
76439   0    12
76606   0    12
76666   0    12
76766   0    12
76839   0    12
77008   0    12
78057   0    12
79059   0    12
80043   6    12
80039   2    12
80188   5    12
80326   5    12
80363   0    12
80457   4    12
80550   0    12
80690   0    12
80743   0    12
80873   0    12
81034   0    12
82007   0    12
83061   0    12
84063   0    12
85074   0    12
86048   0    12
87045   0    12
88054   0    12
89011   0    12
90006   0    12
91008   0    12
92001   0    12
93020   0    12
94003   0    12
95072   0    12
96046   0    12
97065   0    12
98088   0    12
99095   0    12
100031   0    12
101090   0    12
102032   0    12
103027   0    12
104002   0    12
105013   0    12
106075   0    12
107049   0    12
108081   0    12
109040   0    12
110092   0    12
111045   0    12
112055   0    12
113014   0    12
114012   0    12
115096   0    12
